**ABCDEFGHIJKLMNOPQRSTUVWXYZabcdefghijklmnopqrstuvwxyz**************************
**PARASOLID !"#$%&'()*+,-./:;<=>?@[\]^_`{|}~0123456789**************************
**PART1;
MC=unknown;
MC_MODEL=unknown;
MC_ID=unknown;
OS=unknown;
OS_RELEASE=unknown;
FRU=Parasolid 37.0.209;
APPL=Onshape;
SITE=unknown;
USER=unknown;
FORMAT=text;
GUISE=transmit;
KEY=BTGapi::writeModels_.xmt;
FILE=BTGapi::writeModels_.xmt;
DATE=2025-05-12T18:09:40 (UTC);
**PART2;
SCH=SCH_3700209_36001;
USFLD_SIZE=0;
**PART3;
**END_OF_HEADER*****************************************************************
T51 : TRANSMIT FILE created by modeller version 370020923 SCH_3700209_36001_1300
6231 0 176 6 14 PART_XMT_BLOCK9 Part list9 n_entries0 0 1 d16 index_map_offset0
 0 1 d9 index_map82 0 20 schema_embedding_map82 0 16 mesh_offset_data206 0 7 ent
ries1005 1 T2 1 2 0 0 0 0 2 3 12 36 CCCI7 lattice222 0 CCCI4 mesh1006 0 I8 polyl
ine1008 0 CCCCCCCDI5 owner1040 0 CCCI16 boundary_lattice222 0 CCCI13 boundary_me
sh1006 0 I17 boundary_polyline1008 0 CCCA16 index_map_offset0 0 1 dA9 index_map8
2 0 A17 node_id_index_map82 0 A20 schema_embedding_map82 0 A5 child12 0 A14 lowe
st_node_id0 0 1 dA16 mesh_offset_data206 0 Z2 2431 4 5 0 0 0 0 0 0 0 1e3 1e-8 0
 6 7 1 0 1 2 8 0 9 10 11 0 0 12 13 14 0 0 0 0 0 0 0 12 3 376 15 16 0 0 0 0 0 0 0
 1e3 1e-8 0 17 18 1 0 1 2 19 0 20 21 22 0 0 23 24 25 0 0 0 0 0 0 0 81 255 1 15 3
66 26 3 27 0 0 0 28 70 11 CI9 list_type0 0 1 uI10 notransmit0 0 1 lCCCDCCDI12 fi
nger_index0 0 1 dI12 finger_block1012 0 CZ16 0 4 T3 0 0 8 20 1 29 29 13 255 19 4
8 0 3 0 30 0 0 31 0 68 255 20 89 0 30 32 0 33 +21 .0220673703715256 .50505366464
621 .00952764939142183 -.3889936139176615 -.908168433485591 -.1546417303046115 ?
.0220673703715256 .50505366464621 .00952764939142183 ?1 ?0 134 255 21 3 0 3 34 0
 35 +36 37 29 255 22 147 0 25 38 0 .0178143664172969 .494340557868973 .000951030
262943274 19 9 CCCCCCI5 frame230 0 CA5 owner12 0 Z23 2 0 3 31 0 39 0 V0 16 255 2
4 264 40 ?41 0 42 34 0 0 3 18 255 25 145 43 44 0 45 22 100000000000012e-19 3 81
 1 43 349 46 25 47 0 48 49 50 17 255 44 0 51 52 52 25 53 54 55 56 -18 45 178 57
 52 25 58 38 100000293890099e-19 3 81 1 57 353 46 45 59 0 60 61 62 17 52 0 51 44
 44 45 56 63 64 53 +18 58 272 65 66 45 67 68 272107553681012e-20 3 29 38 212 0 4
5 68 22 .0226841160479883 .498709818787251 .00384787533551221 29 68 311 0 58 69
 38 .02226619174681995 .504923226310074 .00907395424834519 29 69 229 0 67 0 68 .
0216570565446511 .505068859486098 .00982969769840249 18 67 228 70 71 58 0 69 300
492441449031e-20 3 81 1 70 356 46 67 72 0 73 74 75 17 71 0 76 66 66 67 77 78 79
 80 +15 255 76 243 0 66 81 0 17 66 0 76 71 71 58 82 83 0 77 -17 77 0 84 80 80 58
 71 78 85 86 -16 78 231 74 254565747802858e-20 71 83 87 0 0 0 3 133 255 79 26 0
 71 88 89 0 +88 .02226614519282705 .504923073579172 .00907395589825655 .02165696
06819713 .505068446768852 .00982966987230137 .652508187248006 1.63160331907123 1
7 80 0 84 77 77 67 86 87 0 82 -15 84 236 0 80 90 91 17 86 0 92 82 82 58 80 87 0
 0 +16 87 235 93 ?86 78 0 94 0 0 3 17 82 0 92 86 86 67 66 83 0 0 +15 92 292 0 82
 95 0 16 83 267 96 ?82 97 78 89 0 0 3 81 1 96 361 46 83 98 0 99 65 100 16 97 56
 101 ?102 103 83 104 0 0 3 133 89 72 0 83 79 105 0 +105 .02226615358987675 .5049
23070139643 .00907394377598638 .02165693794415885 .505068449098481 .009829693923
03497 .000303988240780519 .00168478315764198 38 12 CCCCCCCCCCCA17 intersection_d
ata204 0 Z105 307 0 3 89 106 107 +108 109 110 111 112 113 134 106 24 0 3 105 104
 114 +115 116 141 255 107 89 107 107 105 68 108 196 0 81 109 117 118 +106 .02263
582917143195 .504707061556966 .0101332242351332 -.3889936139176615 -.90816843348
5591 -.1546417303046115 ?.02263582917143195 .504707061556966 .0101332242351332 ?
1 ?0 51 255 109 301 0 95 119 108 120 +.0235844454658045 .508595521536803 .010130
75213960982 -.3889936139176615 -.908168433485591 -.1546417303046115 5e-4 .631620
888784836 -.385114543603648 .67286093745707 40 255 13 110 0 1 13 293469708564564
e-19 .342826141963883 ??.02246527410227185 .504857061046781 .00928955187253245 .
0223675482048732 .504891174998877 .00915161381834637 .0222308411774315 .50493373
627034 .00905552886144541 .02207014681437805 .504980368958656 .0090121863210696
 .02190537107355495 .505025733478064 .00902719235832898 .02175685735315435 .5050
64698605604 .00909767171184437 .02164113501125655 .505093262537444 .009213674618
47486 .02156933051777615 .505108781837383 .00936150092494592 .02154795851269875
 .505109697093501 .00952590305006414 .02157968781569455 .505095396163431 .009690
32774892409 .02166259987054585 .505066559986441 .00983681788815009 .021788612299
859 .50502574936543 .00994747898236342 .02183308076890385 .505011722477693 .0099
7151876337113 41 3 CI8 term_use0 0 1 cCZ1 111 L?.02246527410227185 .504857061046
781 .00928955187253245 41 1 112 L?.02183308076890385 .505011722477693 .009971518
76337113 204 2 17 INTERSECTION_DATA17 Intersection data7 uv_type0 0 1 u6 values0
 1 1 fT52 113 4 .963660677816767 2.142156919250825 5.05257810843422 .00396058698
4998295 .956495204937952 2.07749643072099 4.71070111568 .003988951499939895 .950
148230739364 1.985949825945755 4.369225876427715 .0040183356013527 .944971652209
669 1.87855451895873 4.02605159728124 .0040451969123148 .941303812347042 1.76262
9327188975 3.68373189254785 .0040657744391306 .939348734822145 1.643352793667125
 3.345009364503945 .0040772593799289 .939158675183807 1.524113687511655 3.010812
687758635 .0040783948804789 .940684803384966 1.406914178794352 2.67964746446691
 .0040693721157626 .943836232144893 1.293323297011506 2.348507850599945 .0040514
310534453 .948492055870632 1.185867765754864 2.0144961716079 .004026649290527795
 .954462455957604 1.08973027950826 1.676191909040585 .0039979316477565 .96142979
1622589 1.01513464519365 1.334260644382704 .0039688637121454 .963660677816767 .9
9943573433897 1.230607198745364 .003960586984998295 14 255 95 287 121 ?0 90 122
 19 109 -0 0 0 90 39 67 255 119 198 0 90 0 109 123 +124 .631620888784836 -.38511
4543603648 .67286093745707 .0027214821874353 141 120 105 125 125 109 141 125 126
 120 120 109 38 126 237 0 3 94 124 127 +119 109 128 129 130 131 133 94 82 0 87 8
5 126 0 +126 .02165709659931185 .505068996260674 .00982969841782846 .02226620434
94602 .504923278426613 .0090739579115827 0 .00137222430999009 134 124 30 0 3 126
 88 132 +133 134 141 127 94 127 127 126 40 10 128 0 1 10 284360059663515e-19 .33
8969894694496 ??.02165709659931185 .505068996260674 .00982969841782846 .02158976
390717625 .505126782357168 .00968737028794256 .021573099493137 .505169247861617
 .0095259935096335 .02160799301615185 .505189158989144 .00936272969741558 .02168
95265935554 .505181667700133 .00921607844066767 .0218073053078063 .5051465542051
28 .0091027423075062 .0219483520646135 .505088276352587 .00903476703325978 .0220
986100447947 .505014806593479 .00901986056396961 .0222423128963624 .504936872510
437 .00906085274061512 .0222662043494602 .504923278426613 .0090739579115827 41 1
 129 L?.02165709659931185 .505068996260674 .00982969841782846 41 1 130 L?.022266
2043494602 .504923278426613 .0090739579115827 204 40 131 4 .631619956983687 .000
900000000434753 1.69472313418011 .003998960804977495 .632652378885061 .000740937
347061545 2.03164669671118 .0039946831517724 .634756509279751 .00060921215047638
 2.368332762310975 .0039875552559898 .63770276893509 .000520475170361088 2.70595
7954570815 .0039811466392925 .641152353141362 .000486146130149365 3.043446846191
445 .003978912354663 .644703017551236 .00051015416707344 3.37930993786782 .00398
2512650455 .647971547568991 .000588988430014066 3.714570300121755 .0039910842828
701 .650611009185907 .000713720087534699 4.051334338089565 .0040016629663803 .65
2311658142121 .00086996623403474 4.38958489461858 .0040102016478047 .65249946491
536 9e-4 4.450464469961515 .004011227136619395 137 255 88 27 0 3 124 79 135 +108
 136 0 ?141 132 119 132 132 124 136 255 133 3 46 3 25 6 TTF1 137 138 139 135 255
 134 2 0 45 255 138 137 .0178143664172969 .494340557868973 .000951030262943274 .
01688337490381575 .494160125686549 .000778017324838062 .015909604006252 .4940987
17190606 .00078038238047692 .01405406049815304 .494085068182385 .001195727231465
65 .01316469912083086 .494139488876879 .001615946163026385 .01170683299310516 .4
94326011308132 .00282259163376974 .01113120806383106 .494459175099856 .003616702
770978485 .01044793347395524 .494780745371918 .0053813054316433 .010340070673848
2 .494965734779389 .00634016802189844 .01056251841277216 .495414172117767 .00817
934323062985 .01089218555696734 .495659455899343 .00907188093234372 .01163748626
65512 .496317639562347 .01012885623232262 .0119184525045439 .496582511793914 .01
042345133135196 .01248695820137312 .497229516181065 .0108552102473053 .012764007
87446264 .497606287876564 .01098254522586362 .0132830568287213 .498409554272343
 .01111252253803806 .01352604233653702 .498828392167624 .01112041019631204 .0140
3180890725534 .49965196142191 .0111374024887997 .0142972041641846 .5000541252545
58 .0111539605747726 .0151632600018313 .501203519764828 .01128355446452632 .0158
3303692585555 .501901730323698 .01145491737303694 .01685166273662265 .5029294272
05525 .0114804777294224 .0171869116705786 .503278310374431 .0114386495057163 .01
78422032778914 .503976968163644 .0112198894259096 .018167904346099 .504307044940
795 .01106658223629856 .0188935696962775 .504865868876088 .01072298768108258 .01
92966707584895 .505091051937116 .0105346042464185 .0201160932071177 .50537414359
1592 .0100769465981747 .02051136309032955 .505437247628351 .00977972920365212 .0
212255387427888 .505420324077499 .00910784459308263 .0215320865168982 .505354105
974918 .00872365664581238 .02205587479598905 .505099138348602 .00792789835798502
 .02228336408626035 .504902259116985 .00754381388256418 .0225937216147094 .50436
6104236144 .00677602088712845 .02266246962093865 .504041730385201 .0064094171149
3428 .02276552444332395 .503294361600482 .00577373649544183 .0227959146886681 .5
02885697770417 .00551029671297804 .02287754816639415 .501593542779713 .004826586
02620129 .0228124948850396 .50069093631613 .004434953182399695 .0227033146420842
 .498832374871134 .003853238808734815 .02266819266097435 .497835171606941 .00367
49136010066 .02182639784380605 .496260047223476 .002839701867843865 .02115536312
724615 .495715744129651 .00232073784175769 .01964245549176985 .494840415323876 .
00147861924796195 .0187453579307781 .494520990051397 .001124043201048494 .017814
3664172969 .494340557868973 .000951030262943274 127 255 25 138 1 3 2 2 2 2 2 2 2
 2 2 2 2 2 2 2 2 2 2 2 2 2 2 3 1 128 255 25 139 -.0625 0 .0625 .125 .1875 .25 .3
125 .34375 .375 .40625 .4375 .5 .53125 .5625 .59375 .625 .65625 .6875 .71875 .75
 .8125 .875 .9375 1 1.0625 141 135 79 135 135 88 134 136 0 0 0 0 0 0 +140 141 13
6 140 2 291 2 148 5 TTF1 142 143 144 135 141 2 0 45 582 142 .217691959329953 2.4
384766079695 .20729121057529 2.39492884850229 .197743645826166 2.34865307107701
 .188436010084433 2.30354019766291 .179970679292977 2.25598492919327 .1717003623
72061 2.20952518046141 .164274005200149 2.1609549217131 .156993088221237 2.11333
587870123 .150561923683007 2.06393400199653 .144172428211449 2.01485221197004 .1
38819068477154 1.96489143292184 .133437248629112 1.91466504694169 .1291521242741
1 1.86400662066558 .124829391998865 1.81290359631081 .121663747174587 1.76183307
915074 .11845887856651 1.71012977498049 .116464759488854 1.65883342780981 .11445
7020899436 1.60718673485915 .113648257973262 1.55505091713901 .112839086006484 1
.50288873116473 .113236661728606 1.45062818305404 .113635491935599 1.39820273536
991 .115246459802364 1.3461113851049 .116866398566019 1.29372995696697 .11970276
1087037 1.24203802644107 .122538384945797 1.19035955783261 .126573907254415 1.13
907409995005 .130589703582232 1.08803932980509 .135771349489076 1.03768176693129
 .140945887238829 .987393284321569 .147245273761341 .938154805790752 .1535573662
16685 .888817012699892 .160952431414154 .840905510851559 .16474687095959 .816321
914569437 .168609541748326 .793192928305223 .172660331458375 .768937519369991 .1
76811993704903 .746130014844388 .181151585291188 .722290104739407 .1856242273828
12 .699909754121104 .190285437689095 .676585839794135 .195111692072358 .65474772
7605875 .205323768962915 .608539537340458 .216379944454868 .568542939887201 .228
221430082265 .525705420327906 .241165676973528 .489509043921654 .24792188358751
 .470616465640939 .254963456961598 .453676331080422 .262162805569867 .4363566316
76174 .269615927696403 .421189576173892 .277252568847594 .405649060638969 .28511
2645292865 .392460666360838 .293181135596158 .378922575212485 .301443551599461 .
367937395204645 .309701432185871 .356958245197105 .318478825556571 .348271724462
769 .327012698594129 .33982620288772 .336017827529145 .333571084122004 .34477159
1662515 .327490567707812 .353941503787871 .323503461568326 .362856207092756 .319
627321012921 .372127021710096 .317748951899091 .38080607603049 .315990479936746
 .390414115730936 .315676651695284 .394835658497324 .315532230457009 .3995649819
12003 .315688090283868 .403947988263981 .315832536867711 .408718740370305 .31624
037043523 .413033970065241 .31660926311335 .417873841881889 .317213017219112 .42
2046026869 .317733480138667 .427028725603531 .31848345772249 .430721914386472 .3
19039342986199 .436181844839418 .319926796459195 .436705331021019 .3200118835558
04 .440757268544642 .320673579308876 .443530799673302 .321126506768431 .44533168
7818382 .321415576584453 .455052914903695 .322975980728786 .463614294176387 .323
862820194301 .473185231794228 .324854235821518 .481868771423482 .325065088710759
 .49134644316466 .325295224640948 .500094044865349 .324604258205454 .50950867591
446 .323860603626739 .518293757555522 .322032782118441 .527073100725491 .3202061
54554755 .536483022737839 .3171975544893 .545165934841974 .314421398651818 .5546
74202182842 .310542406458794 .56317347243333 .307075044660252 .572866223854855 .
302502293915263 .577190596898247 .300462183816921 .581962246845605 .298104417170
207 .586183047864297 .296018835877766 .591058192080671 .293533286717329 .5950072
33494087 .291519902880051 .600154078192802 .288850195788355 .601567489345912 .28
8117048782797 .609250014582689 .284118585211344 .614810237173525 .28122469982946
6 .618346220774945 .279404322986208 .623340218626235 .276833338765546 .627443044
005694 .274776025957614 .632282468516834 .272349354308455 .636540973975782 .2703
05433101793 .641309279291908 .268016827287048 .645640653481427 .266067841721282
 .655401958960236 .261675553581578 .663848620049231 .258613810574966 .6830408989
61585 .25165699946088 .700420377977365 .252458945830564 .709852311922883 .252894
166309835 .71878383011548 .255615804775512 .728244477944394 .258498681178624 .73
7191737875508 .263965814615604 .746140009619773 .269433566310861 .75556797120363
6 .276979765561044 .76438821346998 .284039542479381 .773867847689919 .2931162077
4171 .782543960552954 .301423508467546 .792171195976089 .311810002049414 .800601
823730083 .320905516723083 .810565752228686 .332476739608517 .81571377324964 .33
8455194658722 .819823390930757 .34334577941487 .824816968096423 .349288306009805
 .829113048399255 .354614690915107 .834042890045704 .360726828556917 .8384163939
50126 .366475321660947 .843308105749575 .372904942431972 .84771359886426 .379155
444176237 .852573372241068 .386050477530671 .856983398960264 .392929951360473 .8
61809380239769 .400458298472508 .866203241775993 .408136058356397 .8709895253123
15 .416499529855244 .875349469486229 .425194250003682 .880087833599851 .43464362
556584 .884397439969434 .444637579259158 .893958409799846 .466809416209924 .9019
66452598932 .496216544294299 .906388822809793 .512456368492309 .910382829522375
 .531065418261128 .914664072658717 .551012772467023 .918487910419155 .5738624483
20359 .922595642135904 .598408557256063 .926216595884233 .626572739146387 .93010
9833089696 .656854772118343 .933486066214243 .6917057293178 .937112124383153 .72
9135490055766 .940189095494798 .772362404106104 .943479858657227 .81859278171476
 .946185559602821 .872104877287719 .948464334723123 .917173432341961 .9503330416
18052 .968205160503953 .953253155154661 1.04794930904151 .95516739362747 1.14213
71963626 .955981329055877 1.18218594656086 .956607400360162 1.22462680995498 .95
7236702532483 1.26728669125982 .957669056681586 1.31196336911893 .95810214744154
6 1.3567161635737 .958330620887269 1.40289423446893 .95855888974726 1.4490309553
7554 .958577902075835 1.49582792324792 .958596859474804 1.54248968732419 .958406
119689572 1.58897418968422 .958216304290228 1.63523341330677 .957820625905808 1.
68053414192557 .957427857251903 1.72550173909821 .956836275234193 1.768892640067
26 .956251024740544 1.81181914129918 .955475629239178 1.85276416882109 .95374639
1401978 1.94407717065224 .951106136022628 2.02355551648194 .949215278310716 2.08
047510248769 .946854025856578 2.13128648325207 .944250236289931 2.18731697794539
 .941105972223418 2.23661039132373 .938164994874554 2.28271682803743 .9347185740
8778 2.32339735969749 .93149989544015 2.36138969050369 .927806018934473 2.395026
1433396 .924352378963803 2.42647500141785 .920450701258385 2.45439198148721 .916
792691943001 2.48056548449319 .912711482708255 2.50382799608615 .908870992364551
 2.52571843247506 .904630219040187 2.5451632618533 .89682166622853 2.58096710362
935 .887550726223092 2.60888696471313 .883336326778926 2.62157882195346 .8786442
42274482 2.63303367301256 .874361856696764 2.64348832039241 .869602268572743 2.6
5309918288654 .865273558373048 2.66183998932234 .860455920696342 2.6700673845987
6 .856102892408596 2.67750133600318 .851231244833587 2.6847152407605 .8468800457
13347 2.69115846875479 .841950564752871 2.69766535349981 .837640456679459 2.7033
5466981873 .83263328959169 2.70942447074252 .828448180268829 2.71449775469507 .8
23296405696354 2.72041177777221 .81957518110992 2.72468358892578 .81395479545709
4 2.73097982218998 .805894800793349 2.74000902581511 .795414512171417 2.75138029
914771 .788572106279738 2.7588044141176 .777107721230797 2.77110366786909 .77256
4992038896 2.77597721135328 .768020995808394 2.78084957349708 .763630889156048 2
.78555692543469 .758967856207255 2.79057389750646 .749056147476273 2.80123793664
857 .740931565314749 2.81008457189248 .732346567075506 2.8194325416074 .72289814
3037364 2.82841053537947 .714342992627952 2.83653973097704 .704792387823651 2.84
463169207947 .696322409377306 2.85180806860542 .686614912527371 2.85933840311637
 .678334169500656 2.86576197099945 .668392814464025 2.87302658751795 .6607254771
19615 2.87862947216697 .650153179622652 2.88612019387805 .646650544187919 2.8886
0189355634 .641035028167966 2.89256105387471 .633632868017586 2.89777986878565 .
631922311772325 2.89898796957388 .62116611876411 2.90658465941533 .6137259969467
41 2.91195597704434 .603906023902103 2.91904540321583 .595589645362612 2.9253168
9810057 .591675712926629 2.9282684481214 .586533539355023 2.93226113346442 .5846
37656200222 2.93373320841071 .582000161650066 2.93579295368821 .579731243080973
 2.93756486040454 .577463287924703 2.93933800007577 .572207936775102 2.943446754
8648 .568379391524157 2.94639016095931 .563410707217231 2.95021011206661 .559282
793070592 2.95326563287947 .554467543640545 2.95682992572325 .550174807954368 2.
95981726038285 .545427891426521 2.96312066159516 .541057045234399 2.965902260172
27 .536347934777426 2.96889912951308 .531931323895979 2.97138180853568 .52724601
2920136 2.97401553008968 .522799587229138 2.97612065173875 .513280642146829 2.98
06273136649 .504525953183276 2.98285078893713 .495089271314624 2.98524747360225
 .486250991339742 2.98506782452763 .476871867001246 2.98487718211609 .4679865572
40596 2.98178108770934 .458654709647332 2.97852939678167 .449743294644795 2.9720
2635214672 .440830070082999 2.96552198699817 .43178694685763 2.95637255308317 .4
23146101176141 2.94763012587498 .414361699747917 2.93644314803055 .4059852741933
45 2.92577572944089 .397444101033644 2.91283829442395 .389323661553053 2.9005381
5062347 .381011309904122 2.88611768332038 .373139003271605 2.87246061668164 .365
041896277673 2.85680743515225 .357410908871716 2.8420553476223 .34951623675399 2
.82540392046751 .342121243462561 2.80980641492628 .334416626809779 2.79237492922
 .327254389150611 2.77617056124075 .319727199029563 2.75815882339017 .3125049418
277 2.74087675646779 .305403398371821 2.72267431645448 .298339441356678 2.704568
21675607 .291438903875855 2.68566239257671 .28455478659185 2.66680155581391 .277
877252852999 2.64726322356456 .27119556462251 2.62771273535449 .264762908795372
 2.60760529460812 .258306987469659 2.58742512967961 .252141106000056 2.566804305
75513 .245934971876048 2.54604886313858 .240057706425993 2.52496173849038 .22810
6033128983 2.48208015917253 .217691959329953 2.4384766079695 127 148 143 1 2 2 2
 2 2 2 2 2 2 2 2 2 2 2 2 2 2 2 2 2 2 2 2 2 2 2 2 2 2 2 2 2 2 2 2 2 2 2 2 2 2 2 2
 2 2 2 2 2 2 2 2 2 2 2 2 2 2 2 2 2 2 2 2 2 2 2 2 2 2 2 2 2 2 2 2 2 2 2 2 2 2 2 2
 2 2 2 2 2 2 2 2 2 2 2 2 2 2 2 2 2 2 2 2 2 2 2 2 2 2 2 2 2 2 2 2 2 2 2 2 2 2 2 2
 2 2 2 2 2 2 2 2 2 2 2 2 2 2 2 2 2 2 2 2 2 2 2 1 128 148 144 -.015625 0 .015625
 .03125 .046875 .0625 .078125 .09375 .109375 .125 .140625 .15625 .171875 .1875 .
203125 .21875 .234375 .25 .2578125 .265625 .2734375 .28125 .296875 .3125 .320312
5 .328125 .3359375 .34375 .3515625 .359375 .3671875 .375 .3828125 .38671875 .390
625 .39453125 .3984375 .40234375 .404296875 .40625 .4140625 .421875 .4296875 .43
75 .4453125 .453125 .4609375 .46484375 .46875 .47265625 .4765625 .48046875 .4843
75 .48828125 .4921875 .5 .515625 .5234375 .53125 .5390625 .546875 .5546875 .5625
 .56640625 .5703125 .57421875 .578125 .58203125 .5859375 .58984375 .59375 .60156
25 .60546875 .609375 .61328125 .6171875 .62109375 .625 .628125 .6328125 .6347656
25 .63671875 .638671875 .640625 .642578125 .64453125 .646484375 .6484375 .652901
785714286 .65625 .66015625 .6640625 .66796875 .671875 .67578125 .6796875 .6875 .
69140625 .6953125 .69921875 .703125 .70703125 .7109375 .71484375 .71875 .7265625
 .734375 .73828125 .7421875 .75 .7578125 .765625 .7734375 .78125 .7890625 .79296
875 .796875 .8046875 .8125 .81640625 .818359375 .8203125 .82421875 .828125 .8320
3125 .8359375 .83984375 .84375 .8515625 .859375 .8671875 .875 .8828125 .890625 .
8984375 .90625 .9140625 .921875 .9296875 .9375 .9453125 .953125 .9609375 .96875
 .9765625 .984375 1 1.015625 133 85 32 0 77 145 94 0 +145 .0216570722980095 .505
06899865419 .00982972408565167 .0222662130955324 .504923274807899 .0090739452719
5881 .36838079686595 1.347500200996 137 145 33 0 3 146 85 147 +119 148 0 ?133 14
6 36 0 53 149 145 0 +149 .0178143664172969 .494340557868973 .000951030262943274
 .02268411607030735 .498709818780145 .003847875353262585 0 .835768810826754 141
 147 85 147 147 145 134 148 0 0 0 0 0 0 +150 151 136 150 1 2 2 2 5 FFF1 152 153
 154 135 151 2 0 45 4 152 1 9e-4 0 9e-4 127 2 153 2 2 128 2 154 0 1 17 53 0 91 5
6 56 45 44 54 146 0 +137 149 37 0 3 155 146 156 +119 157 0 ?133 155 40 0 56 158
 149 0 +158 .02268411607030735 .498709818780145 .003847875353262585 .01781436641
72969 .494340557868973 .000951030262943274 .835768810826754 1 141 156 146 156 15
6 149 134 157 0 0 0 0 0 0 +159 160 136 159 1 2 2 2 5 FFF1 161 162 163 135 160 2
 0 45 4 161 0 -106518804339903e-32 1 -106518804339903e-32 127 2 162 2 2 128 2 16
3 0 1 17 56 0 91 53 53 25 52 63 155 0 -137 158 41 0 3 0 155 164 +119 165 0 ?141
 164 155 164 164 158 134 165 0 0 0 0 0 0 +166 167 136 166 1 2 2 2 5 FFF1 168 169
 170 135 167 2 0 45 4 168 0 -106518804339903e-32 1 -106518804339903e-32 127 2 16
9 2 2 128 2 170 0 1 15 91 193 0 53 90 0 16 63 155 49 1e-5 52 54 171 0 0 0 3 81 1
 49 350 46 63 172 0 43 173 174 16 54 168 60 254565747802858e-20 53 42 63 0 0 0 3
 16 171 265 99 ?175 63 176 177 0 0 3 81 1 99 360 46 171 178 0 40 96 179 17 175 0
 180 175 175 0 181 171 0 0 +16 176 66 182 ?183 171 103 184 0 0 3 31 255 177 305
 0 171 184 185 0 +.02139966134851945 .503494790063821 .00926220627111515 -.38899
36139176615 -.908168433485591 -.1546417303046115 .631620888784836 -.385114543603
648 .67286093745707 5e-4 31 184 93 0 176 186 177 0 +.02092147367841755 .50237838
3696902 .00907210605849176 -.3889936139176615 -.908168433485591 -.15464173030461
15 .631620888784836 -.385114543603648 .67286093745707 .00199999999999997 134 185
 14 0 3 177 187 188 +189 190 137 187 11 0 3 185 64 191 +20 192 0 ?141 188 32 188
 188 185 136 189 2 3 3 2 5 FFF1 193 194 195 135 190 2 0 45 9 193 .02144306004702
32 .503596111336524 .00927945912460547 .0205436408326063 .503655276814414 .01015
761598692508 .0195802219925928 .502706511018076 .010518956560918 127 2 194 3 3 1
28 2 195 0 1 68 32 88 0 196 197 20 0 +185 .0220673703715256 .50505366464621 .009
52764939142183 -.3889936139176615 -.908168433485591 -.1546417303046115 .02144306
00470232 .503596111336524 .00927945912460547 ?0 ??0 14 196 74 198 ?199 30 200 19
 32 +0 0 199 30 39 68 197 87 0 199 201 32 0 +186 .0220673703715256 .505053664646
21 .00952764939142183 -.3889936139176615 -.908168433485591 -.1546417303046115 ??
???.002544912062247005 14 199 69 202 ?203 196 204 19 197 +0 0 203 196 39 54 255
 201 86 0 203 117 197 0 -.01584347254884295 .49052296971044 .00705338170654802 -
.3889936139176615 -.908168433485591 -.1546417303046115 -.00986230744983893 .0147
721215777761 .631620888784836 -.385114543603648 .67286093745707 134 186 17 0 3 2
05 184 206 +207 208 31 205 92 0 103 104 186 0 +.01623246616276055 .4914311381439
25 .0072080234368526 -.3889936139176615 -.908168433485591 -.1546417303046115 .63
1620888784836 -.385114543603648 .67286093745707 .0048759277195631 141 206 197 20
6 206 186 136 207 3 11 3 9 6 FFF1 209 210 211 135 208 2 0 45 33 209 .01958022199
25928 .502706511018076 .010518956560918 .0194342593207217 .502582459404582 .0105
8497167570566 .01916604959414795 .502329572504858 .01069200187897602 .0186955511
0943995 .501818725148394 .01084127778274184 .01822687333330125 .501257590407944
 .01096006239275632 .01762115624343035 .500471962405213 .01107899751365172 .0168
8910811955985 .499414745501142 .01116107581253446 .0157548606256628 .49759268679
9305 .0111829422993541 .0144375496453948 .495221696373766 .01106246902033776 .01
344407314656884 .49322524120154 .01085237596034284 .01296254302584872 .492231100
694356 .01073539267227464 127 9 210 4 1 1 1 1 1 1 1 4 128 9 211 .19739057910986
 .240783695028181 .284176810946502 .327569926864823 .370963042783144 .4577492746
19786 .544535506456428 .718107970129712 .891680433802996 16 103 61 212 ?213 176
 97 205 0 0 3 31 104 91 0 97 106 205 0 +.01545447893492535 .489614801276954 .006
89873997624344 -.3889936139176615 -.908168433485591 -.1546417303046115 .63162088
8784836 -.385114543603648 .67286093745707 .00487592771956311 81 1 212 344 46 103
 214 0 215 216 217 17 213 0 204 213 213 0 218 103 0 0 +15 204 116 0 213 199 219
 17 218 0 220 218 218 0 213 103 0 0 -15 220 63 0 218 203 0 14 203 64 221 ?222 19
9 223 19 201 +0 0 222 199 39 81 1 221 370 224 203 216 0 202 225 226 14 222 59 22
5 ?81 203 227 19 117 +0 0 81 203 39 15 223 115 0 102 203 220 13 39 16 0 0 0 0 0
 0 23 30 14 30 164 228 ?196 0 229 19 20 +0 0 196 0 39 81 1 228 376 224 30 173 0
 121 0 230 15 229 256 0 231 30 232 17 231 0 229 231 231 0 41 24 0 0 -15 232 81 0
 233 30 51 17 233 0 232 233 233 0 234 42 0 0 -15 51 143 0 44 30 0 17 234 0 227 2
34 234 0 233 42 0 0 +16 42 54 235 ?234 24 54 236 0 0 3 81 1 235 341 46 42 237 0
 238 101 239 31 236 90 0 42 55 34 0 +.01545447893492535 .489614801276954 .006898
73997624344 -.3889936139176615 -.908168433485591 -.1546417303046115 .63162088878
4836 -.385114543603648 .67286093745707 .007 133 55 6 0 44 240 236 0 +240 .022684
11598644305 .498709817960022 .0038478751303865 .0178143664172969 .49434055786897
3 .000951030262943274 0 1 31 34 304 0 24 236 21 0 -.02206108150451915 .505038982
270218 .00952514929568571 -.3889936139176615 -.908168433485591 -.154641730304611
5 .631620888784836 -.385114543603648 .67286093745707 5e-4 137 240 7 0 3 64 55 24
1 +20 242 0 ?133 64 10 0 52 187 240 0 +187 .0178143664172969 .494340557868973 .0
00951030262943274 .02268411598644305 .498709817960022 .003847875130386495 0 1 14
1 241 55 241 241 240 134 242 0 0 0 0 0 0 +243 244 136 243 2 77 2 39 5 FFF1 245 2
46 247 135 244 2 0 45 154 245 .541450926273587 2.96565103430232 .552780013370399
 2.95815247821083 .571911774117119 2.94346861501287 .597086705550499 2.924146543
50678 .602374579477696 2.92028170276546 .613629309479936 2.91205576174568 .63295
7279045817 2.89893213181276 .655569280861188 2.88357865441537 .6635051919144 2.8
779758005351 .699203434849002 2.85277238814755 .724202866142265 2.82764682593411
 .736182936541189 2.81560631186807 .785151289839981 2.76269271271685 .8306957757
5013 2.71347883255442 .847113958213474 2.69035732530769 .865385742065187 2.66462
541596381 .877915268323582 2.63470993185675 .894158811452708 2.59592686485962 .9
06580520853916 2.5358585285287 .921775145296389 2.46238105598829 .93210554015831
1 2.35246888379329 .944892673952187 2.21641777730425 .95162458104295 2.009337500
27284 .955525200249184 1.8893505047706 .957361771199571 1.74709279877688 .959315
691023226 1.59574544584703 .958783685279864 1.43691340421793 .957745321498855 1.
12690652675659 .947967326856975 .909454364542718 .940167205089524 .7359879835530
13 .925962161690489 .627000608124832 .914683988258003 .540469473548087 .89859969
3737977 .485129040520887 .887140704335354 .445702665008696 .868664079593285 .412
911076638609 .855980491473441 .390400742284377 .83763879217809 .366017443265298
 .824202873071576 .348155846698106 .806996281260854 .328348826481651 .7898478008
39455 .308608700015903 .776615257212513 .295665227198416 .741583061405289 .26139
8325312334 .715468760125225 .254225909902525 .69019589018674 .247284597559803 .6
54490266891624 .262287213529658 .64248611111028 .267331061602027 .62405116591904
8 .27689253476424 .608806984051492 .284799085843971 .593610929215969 .2927977449
95558 .56021978230653 .310373649116727 .532899562470828 .318363533445713 .516899
15282146 .323042903636863 .502516186906027 .324366756346677 .488490996386767 .32
5657678301421 .472050002093921 .32454293764792 .459106391204173 .323665328361955
 .441493714555125 .32079392259506 .420304152783224 .317339374993796 .41088339409
5344 .316431355526465 .375162124951156 .312988362360489 .349820289662307 .325305
775801804 .318917073928484 .340326301368362 .292048009467917 .381348975619604 .2
65886642110508 .421291164624549 .242421555864471 .486020993547466 .2029936396507
34 .59478523351412 .172005761706749 .77332794316461 .144572194279158 .9313917987
39216 .129639568685032 1.1021809214192 .114706601173652 1.27297395471405 .113256
110728286 1.44750316493857 .11181325569755 1.6211136494388 .123785082627739 1.79
420584480197 .135484931265342 1.96336569800641 .15943361405574 2.1284342915056 .
183870077396482 2.29686495924021 .217691959329953 2.4384766079695 127 39 246 3 2
 2 2 2 2 2 2 2 2 2 2 2 2 2 2 2 2 2 2 2 2 2 2 2 2 2 2 2 2 2 2 2 2 2 2 2 2 3 128 3
9 247 0 .015625 .03125 .046875 .0625 .09375 .125 .15625 .171875 .1875 .203125 .2
1875 .2265625 .234375 .25 .265625 .28125 .296875 .3125 .328125 .34375 .375 .4062
5 .421875 .4375 .46875 .484375 .5 .515625 .53125 .5625 .59375 .625 .6875 .75 .81
25 .875 .9375 1 80 7 CCCCCDI12 legal_owners0 17 1 lCZ1 46 248 249 9000 0 0 0 0 3
 6 0 0 0 FFTFTFTTFFFFFFFFF1 81 1 237 319 250 42 0 235 251 252 253 81 1 238 340 4
6 3 254 255 0 235 256 81 1 101 342 46 97 257 0 235 215 258 82 255 3 239 4 0 1 81
 1 257 325 250 97 0 101 214 98 259 81 1 215 343 46 222 260 225 101 212 261 82 3
 258 4 1 1 81 1 260 333 250 222 0 215 262 263 264 81 1 225 371 224 222 215 0 221
 265 266 82 3 261 4 0 2 80 1 224 0 267 8001 0 0 0 0 3 5 0 0 0 FFFFTFTFFFFFFFFFF2
 81 1 265 372 224 81 61 0 225 268 269 83 255 3 266 .796078431372549 .82352941176
4706 .937254901960784 14 81 179 265 ?90 222 76 19 108 +0 0 90 222 39 81 1 61 354
 46 81 263 265 57 73 270 81 1 268 373 224 90 73 0 265 121 271 83 3 269 .79607843
1372549 .823529411764706 .937254901960784 14 90 190 268 ?95 81 84 19 119 +0 0 95
 81 39 81 1 73 355 46 90 272 268 61 70 273 81 1 121 374 224 95 274 0 268 228 275
 83 3 271 .796078431372549 .823529411764706 .937254901960784 81 1 274 363 46 95
 276 121 65 0 277 83 3 275 .796078431372549 .823529411764706 .937254901960784 81
 1 276 336 250 95 0 274 272 278 279 81 1 65 362 46 58 280 0 96 274 281 82 3 277
 4 7 2 81 1 280 316 250 58 0 65 59 72 282 82 3 281 4 3 0 80 1 250 283 284 9000 0
 0 0 0 3 5 0 0 0 FFTFTFTTFFFFFFFFF2 81 1 59 315 250 45 0 57 47 280 285 81 1 72 3
17 250 67 0 70 280 251 286 83 1 282 4487 81 1 251 318 250 24 0 40 72 237 287 83
 1 286 4488 81 1 40 359 46 24 251 0 93 99 288 83 1 287 4489 81 1 93 358 46 87 28
9 0 74 40 290 82 3 288 4 8 1 81 1 289 328 250 87 0 93 291 292 293 81 1 74 357 46
 78 291 0 70 93 294 82 3 290 4 7 1 81 1 291 327 250 78 0 74 98 289 295 82 3 294
 4 6 1 81 1 98 326 250 83 0 96 257 291 296 83 1 295 4498 83 1 296 4497 81 1 292
 329 250 30 0 173 289 297 298 83 1 293 4499 81 1 173 351 46 30 292 228 49 60 299
 81 1 297 330 250 196 0 48 292 300 301 83 1 298 45e2 81 1 48 348 46 196 297 198
 302 43 303 81 1 300 331 250 199 0 302 297 262 304 83 1 301 4501 81 1 302 347 46
 199 300 202 182 48 305 81 1 262 332 250 203 0 216 300 260 306 83 1 304 4502 81
 1 216 345 46 203 262 221 212 182 307 83 1 306 4503 81 1 182 346 46 176 308 0 21
6 302 309 82 3 307 4 1 2 81 1 308 323 250 176 0 182 178 214 310 82 3 309 4 3 1 8
1 1 178 322 250 171 0 99 172 308 311 81 1 214 324 250 103 0 212 308 257 312 83 1
 310 4494 83 1 312 4495 81 1 172 321 250 63 0 49 252 178 313 83 1 311 4493 81 1
 252 320 250 54 0 60 237 172 314 83 1 313 4492 81 1 60 352 46 54 252 0 173 57 31
5 83 1 314 4491 82 3 315 4 5 1 81 1 202 369 224 199 302 0 198 221 316 82 3 305 4
 2 2 81 1 198 368 224 196 48 0 0 202 317 83 3 316 .796078431372549 .823529411764
706 .937254901960784 83 3 317 .796078431372549 .823529411764706 .937254901960784
 82 3 303 4 3 2 82 3 299 4 4 2 81 1 47 314 250 25 0 43 0 59 318 83 1 285 4486 83
 1 318 4485 79 255 13 284 BTI/importTag81 1 272 335 250 90 0 73 263 276 319 81 1
 278 337 250 3 320 254 276 0 321 83 1 279 4507 81 1 320 312 322 3 0 278 0 0 323
 81 1 254 338 324 3 278 238 0 0 325 83 1 321 4508 80 1 324 250 326 9000 0 0 0 0
 3 5 0 0 0 FFTFTFTTFFFFFFFFF2 83 1 325 5149 79 18 326 BTI/importMaxCount80 1 322
 327 328 9000 0 0 0 0 3 5 0 0 0 TTTFFFFFFFFFFFFFF1 82 1 323 15834 79 23 328 ONSH
APE_ORIGINALBODY_ID81 1 263 334 250 81 0 61 260 272 329 83 1 319 4506 83 1 329 4
505 82 3 273 4 6 2 82 3 270 4 5 2 79 15 267 SDL/TYSA_COLOUR83 1 264 4504 83 1 25
9 4496 81 1 255 364 330 3 238 27 0 0 331 82 3 256 4 0 3 80 1 330 332 333 8038 0
 0 0 0 0 0 0 0 0 TTTTTTTTTTTTTFTFT10 81 1 27 365 332 3 255 15 0 0 334 98 255 13
 331 70 97 108 97 110 103 101 32 85 99 117 32 51 80 1 332 335 336 8017 0 0 0 0 0
 0 0 0 0 TTTTTTTTTTTTTFTFT3 84 255 13 334 Falange Ucu 379 13 336 SDL/TYSA_NAME79
 14 333 SDL/TYSA_UNAME83 1 253 4490 79 9 249 BTI/DetId15 227 114 0 234 222 337 1
5 337 58 0 338 222 0 17 338 0 337 338 338 0 102 97 0 0 -17 102 0 223 102 102 0 3
38 97 0 0 +17 41 0 122 41 41 0 231 24 0 0 +15 122 290 0 41 95 180 15 180 291 0 1
75 95 92 83 3 230 .0784313725490196 .219607843137255 .690196078431373 50 255 117
 85 0 222 108 201 0 +.01218455579801356 .490414763827385 .01042610921166548 -.38
89936139176615 -.908168433485591 -.1546417303046115 .631620888784836 -.385114543
603648 .67286093745707 83 3 226 .796078431372549 .823529411764706 .9372549019607
84 15 219 68 0 339 199 0 17 339 0 219 339 339 0 183 176 0 0 -17 183 0 340 183 18
3 0 339 176 0 0 +15 340 117 0 183 196 0 82 3 217 4 2 1 15 200 250 0 181 196 340
 17 181 0 200 181 181 0 175 171 0 0 -141 191 64 191 191 187 134 192 0 0 0 0 0 0
 +341 342 136 341 2 11 2 6 5 FFF1 343 344 345 135 342 2 0 45 22 343 .21769195932
9953 2.4384766079695 .244571296447894 2.55101993874895 .281156885933933 2.656525
29059107 .317181107343107 2.76041177179875 .357138195466944 2.84048417616644 .40
4731685514685 2.93585962416108 .445211388636856 2.96854276395221 .46940254786086
3 2.98807460281579 .493306861963826 2.98593065524104 .513555545410261 2.98411457
653743 .541450926273587 2.96565103430232 127 6 344 3 2 2 2 2 3 128 6 345 0 .25 .
5 .75 .875 1 82 3 179 4 9 1 82 3 174 4 4 1 141 123 126 346 347 119 141 346 145 3
48 123 119 141 347 158 123 348 119 141 348 149 347 346 119 141 118 105 349 349 1
08 141 349 88 118 118 108 141 114 108 114 114 106 136 115 3 6 3 4 6 FFF1 350 351
 352 135 116 2 0 45 18 350 .0113285568344451 .490416643811822 .01256829157844674
 .01266470673789172 .493238110565221 .0129289124407317 .01471321124819142 .49746
2457356514 .01342378311688584 .01844658662353415 .50295353712818 .01306206915931
068 .02101310453497285 .505136735656408 .0119024167317834 .02263582917143195 .50
4707061556966 .0101332242351332 127 4 351 4 1 1 4 128 4 352 0 .477776329759861 .
713994353863767 1 82 3 100 4 10 1 82 3 75 4 2 0 82 3 62 4 1 0 82 3 50 4 0 0 19 3
1 47 0 3 0 23 19 0 S0 141 35 20 35 35 21 136 36 3 6 3 4 6 FFF1 353 354 355 135 3
7 2 0 45 18 353 .01076009803453876 .490763246901065 .0119627167347354 .012096247
93798536 .493584713654465 .01232333759702034 .01414475244828506 .497809060445758
 .01281820827317446 .0178781278236278 .503300140217423 .01245649431559932 .02044
46457350665 .505483338745651 .01129684188807204 .0220673703715256 .5050536646462
1 .00952764939142183 127 4 354 4 1 1 4 128 4 355 0 .477776329759861 .71399435386
3767 1 141 33 240 356 356 20 141 356 187 33 33 20 74 4 CI16 index_map_offset0 0
 1 dCCZ20 29 8 0 0 320 278 254 274 255 27 15 228 0 0 0 0 0 0 0 0 0 0 0 0 80 1 26
 224 357 8040 0 0 0 0 3 5 0 0 0 TTTFFFFFFFFFFFFFF2 83 3 28 .796078431372549 .823
529411764706 .937254901960784 79 17 357 SDL/TYSA_COLOUR_281 1 4 2413 26 2 358 0
 0 0 359 70 5 0 4 T2 0 0 8 20 1 360 360 13 8 31 0 2 0 361 0 0 362 0 50 9 182 0 3
63 364 0 0 +-.0292650480691157 .4047069585497955 .0881956169873709 .047614646776
4651 .953459508991536 .2977378211211545 .885917657015934 -.1779969057727655 .428
3304875008535 30 255 10 2122 0 2 365 0 366 +-.0258039145769117 .4065326465245785
 .0817956231891022 -.885917657015934 .1779969057727655 -.4283304875008535 29 11
 2123 0 14 367 0 -.028932491358811 .4071612342745125 .0802829941004253 19 12 2 0
 2 362 0 368 0 V0 16 13 2121 369 ?370 0 371 365 0 0 2 18 14 2120 372 373 0 374 1
1 ?2 81 1 372 2397 46 14 375 0 376 369 377 17 373 0 378 379 380 14 370 13 0 381
 -18 374 2116 382 379 14 383 367 ?2 81 1 382 2395 46 374 384 0 385 376 386 17 37
9 0 378 387 373 374 388 371 0 389 +18 383 1835 390 387 374 391 392 ?2 29 367 211
9 0 374 392 11 -.03239362485101495 .40533554629973 .086682987898694 29 392 1947
 0 383 393 367 -.0323964440646196 .4053361127308135 .0866816248429652 29 393 194
5 0 391 394 392 -.02893531057241565 .407161800705596 .0802816310446965 18 391 18
25 395 380 383 396 393 ?2 29 394 1244 0 396 397 393 -.02679658277003485 .4110047
696767325 .0819017046777694 18 396 1242 398 399 391 400 394 ?2 29 397 795 0 400
 401 394 -.0276612318117102 .4024368130018625 .0782292139381232 18 400 605 402 4
03 396 404 397 ?2 29 401 790 0 404 405 397 -.0317018825006929 .399066211660186 .
073055628347028 18 404 584 406 407 400 408 401 ?2 29 405 61 0 408 409 401 -.0374
671611294009 .399243816444703 .0734088677656462 18 408 60 410 411 404 412 405 80
706560243084e-20 2 29 409 211 0 412 413 405 -.03717660534196965 .408817626116597
5 .0762970645578161 18 412 140 414 415 408 416 409 80706560243084e-20 2 29 413 2
13 0 416 417 409 -.04063773883417365 .406991938141815 .0826970583560848 18 416 1
38 418 419 412 420 413 807065963730304e-21 2 29 417 205 0 420 421 413 -.04092829
462160485 .3974181284699205 .0798088615639149 18 420 131 422 423 416 424 417 807
065963730304e-21 2 29 421 788 0 424 425 417 -.0378558854554281 .395820081680934
 .084435016294227 18 424 602 426 427 420 428 421 ?2 29 425 792 0 428 429 421 -.0
322195038525576 .400032403443691 .0866579303854823 18 428 583 430 431 424 432 42
5 ?2 29 429 1240 0 432 433 425 -.0307559230696581 .4089162862393335 .08922293439
04923 18 432 1238 434 435 428 436 429 ?2 29 433 1950 0 436 437 429 -.03904215536
872465 .406671356519468 .0834685036909776 18 436 1826 438 439 432 440 433 ?2 29
 437 1990 0 440 441 433 -.0384468532474019 .4185919840306345 .0871909707995448 1
8 440 1839 442 443 436 444 437 ?2 29 441 1993 0 444 445 437 -.03180114194329685
 .41725674024198 .0904040919515324 18 444 1840 446 447 440 448 441 ?2 29 445 217
9 0 448 449 441 -.0308517560869966 .406462125197996 .0878382070129587 18 448 217
7 450 451 444 452 445 ?2 29 449 793 0 452 453 445 -.0316709345782359 .4003217642
353855 .0856435690609371 18 452 604 454 455 448 456 449 ?2 29 453 789 0 456 457
 449 -.0365094507241625 .3965303026831685 .0819453192197619 18 456 603 458 459 4
52 460 453 ?2 29 457 791 0 460 461 453 -.0330483172319585 .398355990657951 .0755
453254214931 18 460 585 462 463 456 464 457 ?2 29 461 794 0 464 465 457 -.028209
8010860319 .402147452210168 .0792435752626683 18 464 586 466 467 460 468 461 ?2
 29 465 2182 0 468 469 461 -.02739062259479265 .4082878131727785 .08143821321468
99 18 468 2180 470 471 464 472 465 ?2 29 469 1994 0 472 473 465 -.02834000845109
29 .4190824282167625 .0840040981532637 18 472 1689 474 475 468 476 469 ?2 29 473
 1987 0 476 477 469 -.0349857197551979 .420417672005417 .0807909770012761 18 476
 1838 478 479 472 480 473 ?2 29 477 1659 0 480 481 473 -.03558102187652065 .4084
970444942505 .0770685098927088 18 480 1656 482 483 476 484 477 ?2 29 481 2135 0
 484 485 477 -.02724986731117995 .4085318686624265 .0812882890409837 18 484 2133
 486 487 480 488 481 ?2 29 485 2138 0 488 0 481 -.03094377345777605 .40658339714
3773 .0881187035519672 18 488 2136 489 490 484 0 485 ?2 81 1 489 2401 46 488 491
 0 486 492 493 17 490 0 494 495 496 488 497 498 0 499 +15 494 636 0 500 501 0 17
 495 0 494 502 490 432 499 503 0 504 +17 496 0 494 490 500 448 455 505 0 497 -17
 497 0 506 507 508 448 490 498 0 0 -16 498 2155 509 ?490 510 503 511 0 0 2 17 49
9 0 512 513 504 488 495 503 0 508 -15 512 1431 0 499 514 0 17 513 0 512 515 499
 484 508 516 0 517 +17 504 0 512 499 515 432 399 518 0 0 -16 503 2137 492 ?495 4
98 516 519 0 0 2 17 508 0 506 497 517 488 513 516 0 0 -15 506 2203 0 517 520 0 1
7 517 0 506 508 521 484 522 523 0 0 -16 516 2139 524 ?513 503 0 525 0 0 2 81 1 5
24 2403 46 516 526 0 492 527 528 31 525 2141 0 516 0 519 0 +-.0337314334071809 .
4084888106157935 .0824627168745157 .0476146467764651 .953459508991536 .297737821
1211545 .885917657015934 -.1779969057727655 .4283304875008535 .006587247815923 3
8 519 1419 0 503 525 511 0 +529 530 531 532 533 534 38 511 2184 0 498 519 535 0
 +529 536 537 538 539 540 50 529 724 0 501 530 541 542 +-.01742718060240335 .422
676031047405 .0689494422854316 -.878396582959664 .260419045493543 -.400750999735
518 .1246462700807174 .934317855173115 .3339363006018875 54 530 1446 0 514 543 5
29 544 +-.03360043901186695 .4111119079249695 .0832818342780946 -.04761464677646
51 -.953459508991536 -.2977378211211545 -.00389317717088672 .0108355 -.885917657
015934 .1779969057727655 -.4283304875008535 40 3 531 0 1 3 .000468038467350262 .
376459804331724 ??-.03091051776486085 .406021662079501 .0876807802619581 -.03086
70678990113 .4081381686403075 .0889609078349204 -.03075592306965815 .40891628623
93335 .0892229343904923 41 1 532 L?-.03091051776486085 .406021662079501 .0876807
802619581 41 1 533 L?-.03075592306965815 .4089162862393335 .0892229343904923 204
 12 534 4 -.01098604826968982 -.02625525 3.76891451982262 .3206850357850555 -.00
857566146961046 -.02681225088854435 3.816452300652925 .0937477532345884 -.007747
298336371 -.0267951451491287 3.808028864192845 .01745329251994265 14 514 1430 54
5 ?546 501 512 8 530 +0 0 546 501 368 51 543 1900 0 547 548 530 0 +-.03773635230
744605 .398037355632739 .0773154221021795 .0476146467764651 .953459508991536 .29
77378211211545 .008335 .885917657015934 -.1779969057727655 .4283304875008535 141
 544 549 550 550 530 38 549 1416 0 551 552 553 0 +529 530 554 555 556 557 141 55
0 519 544 544 530 16 551 1266 558 ?487 559 523 549 0 0 2 38 552 2185 0 523 535 5
49 0 +529 536 560 561 562 563 31 553 1670 0 559 549 564 0 +-.03071735533075245 .
4062592995833915 .0834567389466408 .0476146467764651 .953459508991536 .297737821
1211545 .885917657015934 -.1779969057727655 .4283304875008535 .008335 40 3 554 0
 1 3 .000370352439719406 .333553483435046 ??-.02679658277003485 .411004769676732
5 .0819017046777694 -.02715982770639485 .4088840578663935 .0813197956252823 -.02
74493842726572 .407847350054284 .0812807864636901 41 1 555 L?-.02679658277003485
 .4110047696767325 .0819017046777694 41 1 556 L?-.0274493842726572 .407847350054
284 .0812807864636901 204 12 557 4 -.00774729833637101 -.0182138548508713 2.4751
56442986745 .0174532925199436 -.00996831492916433 -.018401121789237 2.4792824408
7628 .223504524253447 -.01098604826968962 -.01875375000000075 2.514270787357065
 .3206850357850505 16 559 1668 565 ?566 567 551 553 0 0 2 31 564 1986 0 567 553
 568 0 +-.0301220532094297 .418179927094558 .087179206055208 .0476146467764651 .
953459508991536 .2977378211211545 .885917657015934 -.1779969057727655 .428330487
5008535 .008335 16 567 1817 569 ?570 571 559 564 0 0 2 31 568 1992 0 571 564 572
 0 +-.0366648084890651 .419494485152839 .0840158628976005 .0476146467764651 .953
459508991536 .2977378211211545 .885917657015934 -.1779969057727655 .428330487500
8535 .008335 16 571 1809 573 ?574 575 567 568 0 0 2 30 572 757 0 575 568 576 0 -
-.02439548350144855 .4029202105949075 .0595453409258213 -.46139218718976 -.24337
63880267385 .853161874061018 16 575 530 577 ?578 579 571 572 0 0 2 30 576 754 0
 579 572 580 0 --.02439548350144855 .4029202105949075 .0595453409258213 -.461392
18718976 -.2433763880267385 .853161874061018 16 579 529 581 ?582 583 575 576 0 0
 2 31 580 1469 0 583 576 584 0 +-.032964408583718 .4035565668367335 .07707424071
93332 .46139218718976 .2433763880267385 -.853161874061018 -.0476146467764651 -.9
53459508991536 -.2977378211211545 .001041875 16 583 1502 585 ?586 587 579 580 0
 0 2 137 584 50 0 2 580 588 589 -590 591 0 ?133 588 49 0 592 584 593 0 +584 -.03
717660534196965 .4088176261165975 .0762970645578161 -.0374671611294009 .39924381
6444703 .0734088677656462 1 0 141 589 588 589 589 584 50 590 183 0 594 595 536 5
96 +-.0263154775331684 .3962888539499825 .0785967831204734 .46139218718976 .2433
763880267385 -.853161874061018 -.0476146467764651 -.953459508991536 -.2977378211
211545 134 591 0 0 0 0 0 0 +597 598 136 597 1 2 2 2 5 FFF1 599 600 601 135 598 2
 0 45 4 599 -741815e-9 .0126275898971385 -.010743815 .012837187152771 127 2 600
 2 2 128 2 601 0 1 14 594 307 602 ?603 604 605 8 590 -0 0 603 604 368 50 595 3 0
 606 541 590 0 +-.03428796655298265 .397344512466848 .0789826749665997 -.0476146
467764651 -.953459508991536 -.2977378211211545 -.885917657015934 .17799690577276
55 -.4283304875008535 52 255 536 2218 0 520 590 607 608 +-.03381172485592445 .40
68810144757815 .0819606486534535 .0476146467764651 .953459508991536 .29773782112
11545 .00516720112384367 .644142267667713 .764905705955902 .885917657015934 -.17
79969057727655 .4283304875008535 141 596 609 610 610 590 38 609 2186 0 611 612 6
13 0 +590 536 614 615 616 617 141 610 584 596 596 590 16 611 2169 618 ?381 619 6
20 609 0 0 2 30 612 1934 0 620 621 609 0 +-.02941155226947385 .3976252986966625
 .0773036573578427 .0476146467764651 .953459508991536 .2977378211211545 30 613 3
15 0 619 609 622 0 +-.0288895794596819 .3970520003233975 .0774224002272754 .1246
462700807174 .934317855173115 .3339363006018875 40 2 614 0 1 2 .0001049077274311
54 .0821804323664949 ??-.02739062259479265 .4082878131727785 .0814382132146899 -
.028932491358811 .4071612342745125 .0802829941004253 41 1 615 L?-.02739062259479
265 .4082878131727785 .0814382132146899 41 1 616 L?-.028932491358811 .4071612342
745125 .0802829941004253 204 8 617 4 -.0122353303217541 .00187119647064232 .6235
67121939857 .0014915153217541 -.010743815 .00353145324187055 .812307883066727 0
 16 619 313 623 ?471 624 611 613 0 0 2 31 622 318 0 624 613 625 0 --.03296931995
10958 .4035539326106295 .077070833188993 .46139218718976 .2433763880267385 -.853
161874061018 -.0476146467764651 -.953459508991536 -.2977378211211545 .00541775 1
6 624 316 626 ?467 627 619 622 0 0 2 133 625 100 0 627 622 628 0 +628 -.03746716
11294009 .399243816444703 .0734088677656462 -.0330483172319585 .398355990657951
 .0755453254214931 -.00554200639713845 -.000554134372636174 16 627 71 629 ?463 6
30 624 625 0 0 2 30 628 455 0 2 625 631 632 +-.03255739980688065 .39825735645423
95 .0757826780674654 .885917657015934 -.1779969057727655 .4283304875008535 31 63
1 1548 0 630 628 633 0 +-.03642554207592195 .401730878861951 .0834742345176019 -
.46139218718976 -.2433763880267385 .853161874061018 .0476146467764652 .953459508
991536 .2977378211211545 .001041875 141 632 625 632 632 628 16 630 1500 634 ?635
 636 627 631 0 0 2 137 633 36 0 2 631 637 638 -607 639 0 ?133 637 35 0 640 633 6
41 0 +633 -.04092829462160485 .3974181284699205 .0798088615639149 -.040637738834
17365 .406991938141815 .0826970583560848 1 0 141 638 637 638 638 633 50 607 181
 0 604 536 642 643 +-.02977661102537235 .3944631659752 .0849967769187421 -.46139
218718976 -.2433763880267385 .853161874061018 .0476146467764652 .953459508991536
 .2977378211211545 134 639 0 0 0 0 0 0 +644 645 136 644 1 2 2 2 5 FFF1 646 647 6
48 135 645 2 0 45 4 646 .010743815 .012837187152771 741815e-9 .0126275898971385
 127 2 647 2 2 128 2 648 0 1 14 604 335 649 ?594 650 651 8 607 -0 0 594 650 368
 51 642 723 0 652 607 653 654 --.02431648622058585 .408118152547586 .06107084869
33212 -.46139218718976 -.2433763880267385 .853161874061018 .00541775 -.885917657
015934 .1779969057727655 -.4283304875008535 141 643 655 656 656 607 38 655 2183
 0 657 658 659 0 +607 536 660 661 662 663 141 656 633 643 643 607 16 657 2147 52
7 ?451 664 505 655 0 0 2 30 658 759 0 505 665 655 0 +-.0323507129518859 .3952263
123486145 .0838223940255441 -.1246462700807174 -.934317855173115 -.3339363006018
875 30 659 1931 0 664 655 666 0 +-.0328726857616778 .39579961072188 .08370365115
61114 .0476146467764651 .953459508991536 .2977378211211545 40 2 660 0 1 2 .00010
4907727431154 .0821804323664948 ??-.03239362485101495 .40533554629973 .086682987
898694 -.0308517560869966 .406462125197996 .0878382070129587 41 1 661 L?-.032393
62485101495 .40533554629973 .086682987898694 41 1 662 L?-.0308517560869966 .4064
62125197996 .0878382070129587 204 8 663 4 .010743815 .00353145324187055 5.470877
42411286 0 .0122353303217541 .00187119647064232 5.65961818523973 .00149151532175
41 16 664 1788 667 ?668 669 657 659 0 0 2 30 666 1989 0 669 659 670 0 --.0318011
4194329685 .41725674024198 .0904040919515324 -.885917657015934 .1779969057727655
 -.4283304875008535 16 669 1821 671 ?447 672 664 666 0 0 2 30 670 1932 0 672 666
 673 0 +-.03951839706578285 .3971348545105345 .0804905300041238 .047614646776465
1 .953459508991536 .2977378211211545 16 672 1775 674 ?443 675 669 670 0 0 2 133
 673 80 0 675 670 676 0 +676 -.03904215536872465 .406671356519468 .0834685036909
776 -.04063773883417365 .406991938141815 .0826970583560848 .0110361354942868 .01
2837187152771 16 675 1665 677 ?678 679 672 673 0 0 2 30 676 1666 0 2 673 680 681
 +-.0292650480691157 .4047069585497955 .0881956169873709 -.885917657015934 .1779
969057727655 -.4283304875008535 38 680 753 0 682 676 683 0 +364 642 684 685 686
 687 141 681 673 681 681 676 16 682 490 688 ?431 689 679 680 0 0 2 133 683 68 0
 689 680 690 0 +690 -.0378558854554281 .395820081680934 .084435016294227 -.04092
829462160485 .3974181284699205 .0798088615639149 4.795290236235 5.68820998182503
 52 364 38 0 650 653 9 691 --.0332164227346017 .418801641986948 .085683115762020
8 .0476146467764651 .953459508991536 .2977378211211545 .00708475 .01745240643728
35 .999847695156391 -.885917657015934 .1779969057727655 -.4283304875008535 40 6
 684 0 1 6 .000349226668766815 .355890654275236 ??-.03785972477995245 .395820820
3357725 .0844327049674498 -.0364882334827655 .395821930991917 .085127668709684 -
.035117721288834 .396295676841179 .0856228244822043 -.0338019594005083 .39722987
0519156 .0859820939139009 -.0326354369363132 .39877023579307 .086332521931495 -.
03221947871010835 .400032562145425 .086657978035371 41 1 685 L?-.037859724779952
45 .3958208203357725 .0844327049674498 41 1 686 L?-.03221947871010835 .400032562
145425 .086657978035371 204 24 687 4 1.487216825339312 -.0225046667 1.6072195330
48145 .02917306983699465 1.713717876207705 -.0222313876702942 1.891875722238355
 .029132920728922 1.920084447466225 -.0215670071306273 2.169148404642325 .028807
7265833932 2.10915757681101 -.0205066736497769 2.459330696271055 .02827979862649
325 2.27206569686432 -.0188781185025355 2.805337771171465 .0276656575629394 2.32
5094707769125 -.017557835143179 3.05522717341199 .0274441839985315 14 650 402 69
2 ?604 361 693 8 364 -0 0 604 361 368 51 653 1543 0 694 642 364 695 +-.037963823
62801265 .4009194619842695 .0863186762057213 .46139218718976 .2433763880267385 -
.853161874061018 .001041875 .885917657015934 -.1779969057727655 .428330487500853
5 141 691 696 697 698 364 38 696 1546 0 699 700 701 0 +364 653 702 703 704 705 1
41 697 700 706 691 364 141 698 680 691 707 364 141 707 708 698 709 364 137 708 6
5 0 2 690 710 711 +364 712 0 ?141 709 713 707 706 364 137 713 15 0 2 714 715 716
 +364 717 0 ?141 706 718 709 697 364 38 718 756 0 719 720 721 0 +364 642 722 723
 724 725 16 719 492 726 ?407 727 728 718 0 0 2 31 720 456 0 2 729 718 730 +-.034
28796655298265 .397344512466848 .0789826749665997 -.0476146467764651 -.953459508
991536 -.2977378211211545 -.885917657015934 .1779969057727655 -.4283304875008535
 .00669193249132293 32 255 721 758 0 679 718 731 0 +-.03483951578665495 .3645117
97294863 .0693184032901258 -.878396582959664 .260419045493543 -.400750999735518
 .1246462700807174 .934317855173115 .3339363006018875 .0699302582639135 .0059722
8912751242 40 6 722 0 1 6 .000340749250154431 .372703264786552 ??-.0276612155018
9095 .402436967044537 .0782292779204583 -.02794026025145995 .40106205400817 .077
3340366025078 -.02846541939251805 .4000500951501835 .076141139010044 -.029480535
94040235 .3992802091163675 .0746553822822923 -.0306424872794802 .399023073369814
 .0736209647586204 -.0317060727349152 .399066765216236 .0730539658885755 41 1 72
3 L?-.02766121550189095 .402436967044537 .0782292779204583 41 1 724 L?-.03170607
27349152 .399066765216236 .0730539658885755 204 24 725 4 3.958090599410465 -.017
557835143179 3.05522717341199 .0175648160014685 4.030291856210945 -.019148592868
3095 2.751928486366265 .0172644006768784 4.172218071635555 -.0204936306611686 2.
462428599883595 .016735257147733 4.39999054587544 -.0217183862076518 2.117570274
985975 .01612340507986885 4.61751501735597 -.0223268658525141 1.8302957712743 .0
158395755257854 4.79596848184027 -.0225046667 1.607219533048145 .015835930163005
35 16 679 498 732 ?435 682 675 721 727 727 2 31 731 1245 0 518 721 733 0 +-.0336
0944320583135 .4109316034401655 .0832255304036902 .0476146467764651 .95345950899
1536 .2977378211211545 .885917657015934 -.1779969057727655 .4283304875008535 .00
694067252998036 16 518 1243 734 ?399 735 727 731 0 0 2 31 733 25 0 735 731 700 0
 +-.0332164227346017 .418801641986948 .0856831157620208 -.0476146467764651 -.953
459508991536 -.2977378211211545 -.885917657015934 .1779969057727655 -.4283304875
008535 .00708475 16 735 20 736 ?737 738 518 733 0 0 2 38 700 1547 0 738 733 696
 0 +364 653 739 740 741 742 16 738 1503 743 ?744 699 735 700 0 0 2 40 20 739 0 1
 20 622645522378597e-19 .348748271149541 ??-.0308711874347642 .4048713540468935
 .0750080073009675 -.03111360140842975 .405112032237333 .0749491035912551 -.0314
13146696683 .4052580298972215 .0748534276931738 -.0317367643467272 .405292750366
607 .0747364014942947 -.0320528576225802 .405213287729117 .0746089622747929 -.03
23269980783786 .40502458105062 .0744784301322928 -.0325188679813148 .40474695545
9165 .074353041775453 -.03259795539495495 .404422054422754 .0742435567888543 -.0
3256049937624265 .404094048048363 .0741597786810082 -.0324180445696532 .40379105
20622525 .074109737665196 -.0321838360031167 .403535289982596 .0741038605937459
 -.03188062650706045 .403355076153641 .0741533669123461 -.031548424064596 .40327
683684138 .0742600652547117 -.0312316434589172 .4033103269690025 .07441065065298
7 -.03096315911667255 .4034497034344135 .0745831696146547 -.0307660034649542 .40
3681332718782 .0747528831952725 -.0306584271820203 .4039824854135495 .0748942195
140052 -.03065123132531425 .4043197570949585 .0749864949358472 -.030745522282616
25 .404654820683927 .0750198909343657 -.0308711874347642 .4048713540468935 .0750
080073009675 41 1 740 H?-.0308711874347642 .4048713540468935 .0750080073009675 4
1 1 741 H?-.0308711874347642 .4048713540468935 .0750080073009675 204 80 742 4 4.
71463049448072 -.016348681482452 5.495950776386 .01388411562188046 4.75621826631
089 -.016148284891086 5.16170049740431 .01388109749639892 4.80516725944076 -.016
0518311104967 4.82800881752548 .013860049052323 4.85594105374626 -.0160689786143
705 4.49686821216122 .01381902683053542 4.90377669809569 -.0161977371669127 4.16
3839251496785 .01376257081627732 4.94379316773551 -.0164295788006002 3.824122565
063245 .01370152284929076 4.9704272889664 -.0167407522345273 3.48011263880711 .0
136524046269539 4.97968482296849 -.0170868957577949 3.141452754086135 .013630249
4878355 4.97141656197403 -.017422797010655 2.81318031880091 .01363917868307878 4
.9474616593365 -.0177198075825156 2.488539992183905 .01367385723601084 4.9097281
207782 -.017954264437684 2.157721737248105 .0137246868809351 4.86151791317543 -.
0180969139100669 1.81815122133054 .0137784886791789 4.80883362875162 -.018123926
09239 1.475786396055132 .01382169173174566 4.75857724463112 -.0180320762467308 1
.136893200173128 .01384752881395566 4.71617462362359 -.0178350372235848 .8012294
17857075 .01385813973193038 4.68575893865101 -.0175542704314183 .465343573288723
 .01386068575139088 4.6707028279494 -.0172199301566357 .1281780828965556 .013863
0313043976 4.67282351461063 -.0168705387536654 6.07414490035432 .013869709508238
4 4.69182814454595 -.0165456155674393 5.73705399060179 .01387925877057692 4.7146
3049448072 -.016348681482452 5.495950776386 .01388411562188046 81 1 743 2369 46
 738 745 0 585 746 747 17 744 0 748 744 744 0 749 738 0 0 +16 699 1501 750 ?751
 752 738 696 0 0 2 81 1 750 2367 46 699 753 0 634 585 754 17 751 0 693 751 751 0
 755 699 0 0 +16 752 1677 756 ?380 757 699 701 0 0 2 81 1 756 2377 46 752 758 0
 759 474 760 17 380 0 378 373 387 391 761 752 0 370 +16 757 2117 376 ?387 371 75
2 762 0 0 2 31 701 1679 0 752 696 762 0 +-.03726011061038785 .407573857641672 .0
802933957890333 .0476146467764651 .953459508991536 .2977378211211545 .8859176570
15934 -.1779969057727655 .4283304875008535 .008335 133 762 29 0 757 701 763 0 +7
63 -.03239362485101495 .40533554629973 .086682987898694 -.0323964440646196 .4053
361127308135 .0866816248429652 .00353145324187056 .00353463549428681 30 763 2118
 0 2 762 764 765 +-.0292650480691157 .4047069585497955 .0881956169873709 -.88591
7657015934 .1779969057727655 -.4283304875008535 31 764 2126 0 371 763 365 0 --.0
3381172485592445 .4068810144757815 .0819606486534535 .0476146467764651 .95345950
8991536 .2977378211211545 .885917657015934 -.1779969057727655 .4283304875008535
 .00516720112384367 141 765 762 765 765 763 16 371 2124 766 ?379 13 757 764 0 0
 2 133 365 17 0 13 764 10 0 +10 -.028932491358811 .4071612342745125 .08028299410
04253 -.02893531057241565 .407161800705596 .0802816310446965 .00353145324187056
 .00353463549428681 81 1 766 2399 46 371 767 0 369 486 768 81 1 767 2250 250 371
 0 766 769 770 771 81 1 369 2398 46 13 769 0 372 766 772 81 1 486 2400 46 484 77
3 0 766 489 774 82 3 768 4 1362 1 81 1 773 2247 250 484 0 486 775 491 776 82 3 7
74 4 789 0 81 1 775 2246 250 480 0 482 777 773 778 81 1 491 2248 250 488 0 489 7
73 769 779 83 1 776 3071 81 1 769 2249 250 13 0 369 491 767 780 83 1 779 3072 83
 1 780 3073 81 1 482 2372 46 480 775 0 781 782 783 81 1 777 2245 250 476 0 478 7
84 775 785 83 1 778 3070 81 1 478 2390 46 476 777 0 390 442 786 81 1 784 2244 25
0 472 0 474 787 777 788 83 1 785 3069 81 1 474 2378 46 472 784 0 756 789 790 81
 1 787 2243 250 468 0 470 791 784 792 83 1 788 3068 81 1 470 2409 46 468 787 0 4
50 793 794 81 1 791 2242 250 464 0 466 795 787 796 83 1 792 3067 81 1 466 2352 4
6 464 791 0 462 426 797 81 1 795 2241 250 460 0 462 798 791 799 83 1 796 3066 81
 1 462 2351 46 460 795 0 406 466 800 81 1 798 2240 250 456 0 458 801 795 802 83
 1 799 3065 81 1 458 2354 46 456 798 0 426 454 803 81 1 801 2239 250 452 0 454 8
04 798 805 83 1 802 3064 81 1 454 2355 46 452 801 0 458 402 806 81 1 804 2238 25
0 448 0 450 807 801 808 83 1 805 3063 81 1 450 2408 46 448 804 0 618 470 809 81
 1 807 2237 250 444 0 446 810 804 811 83 1 808 3062 81 1 446 2392 46 444 807 0 4
42 812 813 81 1 810 2236 250 440 0 442 814 807 815 83 1 811 3061 81 1 442 2391 4
6 440 810 0 478 446 816 81 1 814 2235 250 436 0 438 817 810 818 83 1 815 3060 81
 1 438 2388 46 436 814 0 395 390 819 81 1 817 2234 250 432 0 434 820 814 821 83
 1 818 3059 81 1 434 2361 46 432 817 0 822 398 823 81 1 820 2233 250 428 0 430 8
24 817 825 83 1 821 3058 81 1 430 2349 46 428 820 0 577 406 826 81 1 824 2232 25
0 424 0 426 827 820 828 83 1 825 3057 81 1 426 2353 46 424 824 0 466 458 829 81
 1 827 2231 250 420 0 422 830 824 831 83 1 828 3056 81 1 422 2326 46 420 827 0 8
32 418 833 81 1 830 2230 250 416 0 418 834 827 835 83 1 831 3055 81 1 418 2327 4
6 416 830 0 422 414 836 81 1 834 2229 250 412 0 414 837 830 838 83 1 835 3054 81
 1 414 2328 46 412 834 0 418 839 840 81 1 837 2228 250 408 0 410 841 834 842 83
 1 838 3053 81 1 410 2322 46 408 837 0 736 629 843 81 1 841 2227 250 404 0 406 8
44 837 845 83 1 842 3052 81 1 406 2350 46 404 841 0 430 462 846 81 1 844 2226 25
0 400 0 402 847 841 848 83 1 845 3051 81 1 402 2356 46 400 844 0 454 849 850 81
 1 847 2225 250 396 0 398 851 844 852 83 1 848 3050 81 1 398 2362 46 396 847 0 4
34 734 853 81 1 851 2224 250 391 0 395 854 847 855 83 1 852 3049 81 1 395 2387 4
6 391 851 0 671 438 856 81 1 854 2223 250 383 0 390 384 851 857 83 1 855 3048 81
 1 390 2389 46 383 854 0 438 478 858 81 1 384 2222 250 374 0 382 375 854 859 83
 1 857 3047 81 1 375 2221 250 14 0 372 0 384 860 83 1 859 3046 83 1 860 3045 82
 3 858 4 783 0 81 1 671 2386 46 669 861 0 569 395 862 82 3 856 4 781 0 81 1 861
 2268 250 669 0 671 863 864 865 81 1 569 2385 46 567 866 0 867 671 868 82 3 862
 4 1359 1 81 1 866 2287 250 567 0 569 869 870 871 81 1 867 2384 46 872 873 0 573
 569 874 82 3 868 4 1358 1 16 872 1813 867 ?479 620 875 621 0 0 2 81 1 873 2280
 250 872 0 867 876 877 878 81 1 573 2383 46 571 869 0 667 867 879 82 3 874 4 135
7 1 81 1 869 2286 250 571 0 573 880 866 881 81 1 667 2382 46 664 864 0 882 573 8
83 82 3 879 4 1356 1 81 1 864 2269 250 664 0 667 861 884 885 81 1 882 2381 46 87
5 877 0 674 667 886 82 3 883 4 1355 1 16 875 1777 882 ?887 872 587 888 0 0 2 81
 1 877 2281 250 875 0 882 873 889 890 81 1 674 2380 46 672 863 0 789 882 891 82
 3 886 4 1354 1 81 1 863 2267 250 672 0 674 892 861 893 81 1 789 2379 46 620 876
 0 474 674 894 82 3 891 4 1353 1 16 620 1773 789 ?475 611 872 612 0 0 2 81 1 876
 2279 250 620 0 789 895 873 896 82 3 894 4 1352 1 81 1 895 2278 250 611 0 618 89
7 876 898 83 1 896 3103 81 1 618 2407 46 611 895 0 899 450 900 81 1 897 2277 250
 619 0 623 901 895 902 83 1 898 3102 81 1 623 2332 46 619 897 0 903 626 904 81 1
 901 2276 250 624 0 626 905 897 906 83 1 902 3101 81 1 626 2333 46 624 901 0 623
 907 908 81 1 905 2275 250 627 0 629 909 901 910 83 1 906 31e2 81 1 629 2323 46
 627 905 0 410 911 912 81 1 909 2274 250 630 0 634 913 905 914 83 1 910 3099 81
 1 634 2366 46 630 909 0 915 750 916 81 1 913 2273 250 636 0 907 917 909 918 83
 1 914 3098 16 636 325 907 ?919 920 630 641 0 0 2 81 1 907 2334 46 636 913 0 626
 921 922 81 1 917 2272 250 920 0 923 924 913 925 83 1 918 3097 16 920 491 923 ?4
59 505 636 665 0 0 2 81 1 923 2340 46 920 917 0 688 726 926 81 1 924 2271 250 50
5 0 927 884 917 928 83 1 925 3096 16 505 499 927 ?455 657 920 658 0 0 2 81 1 927
 2346 46 505 924 0 732 581 929 81 1 884 2270 250 657 0 527 864 924 930 83 1 928
 3095 81 1 527 2404 46 657 884 0 524 509 931 83 1 930 3094 81 1 509 2405 46 498
 932 0 527 899 933 82 3 931 4 1365 1 81 1 932 2293 250 498 0 509 934 935 936 81
 1 899 2406 46 523 937 0 509 618 938 82 3 933 4 1366 1 16 523 2162 899 ?522 551
 939 552 0 0 2 81 1 937 2290 250 523 0 899 940 941 942 82 3 938 4 1367 1 81 1 94
0 2289 250 551 0 558 870 937 943 81 1 941 2291 250 939 0 944 937 934 945 83 1 94
2 3114 16 939 495 944 ?946 523 510 535 510 510 2 81 1 944 2343 46 939 941 0 947
 948 949 81 1 934 2292 250 510 0 948 941 932 950 83 1 945 3115 16 510 497 948 ?9
51 939 498 535 939 939 2 81 1 948 2344 46 510 934 0 944 732 952 83 1 950 3116 81
 1 732 2345 46 679 953 0 948 927 954 82 3 952 4 1337 1 81 1 953 2265 250 679 0 7
32 955 892 956 82 3 954 4 1338 1 81 1 955 2264 250 682 0 688 957 953 958 81 1 89
2 2266 250 675 0 677 953 863 959 83 1 956 3089 81 1 677 2374 46 675 892 0 782 56
5 960 83 1 959 3090 81 1 782 2373 46 587 889 0 482 677 961 81 1 565 2375 46 559
 870 0 677 759 962 82 3 960 4 1349 1 81 1 870 2288 250 559 0 565 866 940 963 81
 1 759 2376 46 361 964 965 565 756 966 82 3 962 4 1350 1 14 361 1671 965 ?650 0
 378 8 9 -363 363 650 0 368 81 1 964 2296 250 361 0 759 526 967 968 81 1 965 241
4 224 361 759 0 0 692 969 82 3 966 4 552 2 81 1 692 2415 224 650 970 0 965 649 9
71 83 3 969 .796078431372549 .823529411764706 .937254901960784 81 1 970 2338 46
 650 967 692 972 688 973 81 1 649 2416 224 604 974 0 692 602 975 83 3 971 .79607
8431372549 .823529411764706 .937254901960784 81 1 974 2336 46 604 976 649 921 97
2 977 81 1 602 2417 224 594 903 0 649 978 979 83 3 975 .796078431372549 .8235294
11764706 .937254901960784 81 1 903 2331 46 594 980 602 981 623 982 81 1 978 2418
 224 603 911 0 602 983 984 83 3 979 .796078431372549 .823529411764706 .937254901
960784 14 603 74 978 ?606 594 985 8 595 +606 606 606 594 368 81 1 911 2324 46 60
3 986 978 629 832 987 81 1 983 2419 224 606 988 0 978 989 990 83 3 984 .79607843
1372549 .823529411764706 .937254901960784 14 606 1 983 ?991 603 992 8 595 +603 6
03 991 603 368 81 1 988 2318 46 606 993 983 994 995 996 81 1 989 2420 224 991 99
7 0 983 998 999 83 3 990 .796078431372549 .823529411764706 .937254901960784 14 9
91 18 989 ?363 606 1000 8 541 -0 0 363 606 368 81 1 997 2320 46 991 1001 989 995
 736 1002 81 1 998 2421 224 363 839 0 989 1003 1004 83 3 999 .796078431372549 .8
23529411764706 .937254901960784 14 363 161 998 ?1005 991 1006 8 9 -361 361 1005
 991 368 81 1 839 2329 46 363 1007 998 414 981 1008 81 1 1003 2422 224 1005 1009
 0 998 1010 1011 83 3 1004 .796078431372549 .823529411764706 .937254901960784 14
 1005 629 1003 ?1012 363 1013 8 529 -501 501 1012 363 368 81 1 1009 2359 46 1005
 1014 1003 1015 822 1016 81 1 1010 2423 224 1012 1015 0 1003 1017 1018 83 3 1011
 .796078431372549 .823529411764706 .937254901960784 14 1012 625 1010 ?652 1005 1
019 8 642 -652 652 652 1005 368 81 1 1015 2358 46 1012 1020 1010 849 1009 1021 8
1 1 1017 2424 224 652 849 0 1010 1022 1023 83 3 1018 .796078431372549 .823529411
764706 .937254901960784 14 652 621 1017 ?501 1012 1024 8 642 -1012 1012 501 1012
 368 81 1 849 2357 46 652 1025 1017 402 1015 1026 81 1 1022 2425 224 501 822 0 1
017 545 1027 83 3 1023 .796078431372549 .823529411764706 .937254901960784 14 501
 633 1022 ?514 652 494 8 529 -1005 1005 514 652 368 81 1 822 2360 46 501 1028 10
22 1009 434 1029 81 1 545 2426 224 514 915 0 1022 1030 1031 83 3 1027 .796078431
372549 .823529411764706 .937254901960784 81 1 915 2365 46 514 1032 545 558 634 1
033 81 1 1030 2427 224 546 781 0 545 1034 1035 83 3 1031 .796078431372549 .82352
9411764706 .937254901960784 14 546 1515 1030 ?694 514 1036 8 653 -694 694 694 51
4 368 81 1 781 2371 46 546 1037 1030 746 482 1038 81 1 1034 2428 224 694 746 0 1
030 1039 1040 83 3 1035 .796078431372549 .823529411764706 .937254901960784 14 69
4 1510 1034 ?547 546 1041 8 653 -546 546 547 546 368 81 1 746 2370 46 694 1042 1
034 743 781 1043 81 1 1039 2429 224 547 812 0 1034 1044 1045 83 3 1040 .79607843
1372549 .823529411764706 .937254901960784 14 547 1841 1039 ?1046 694 1047 8 543
 -0 0 1046 694 368 81 1 812 2393 46 547 1048 1039 446 385 1049 81 1 1044 2430 22
4 1046 385 0 1039 1050 1051 83 3 1045 .796078431372549 .823529411764706 .9372549
01960784 14 1046 1845 1044 ?520 547 1052 8 548 -0 0 520 547 368 81 1 385 2394 46
 1046 1053 1044 812 382 1054 81 1 1050 2431 224 520 793 0 1044 0 1055 83 3 1051
 .796078431372549 .823529411764706 .937254901960784 14 520 2202 1050 ?0 1046 506
 8 536 +0 0 0 1046 368 81 1 793 2410 46 520 1056 1050 470 0 1057 83 3 1055 .7960
78431372549 .823529411764706 .937254901960784 81 1 1056 2313 250 520 0 793 1053
 1058 1059 82 3 1057 4 555 2 81 1 1053 2312 250 1046 0 385 1048 1056 1060 81 1 1
058 2314 250 2 1061 1062 1056 0 1063 83 1 1059 3137 81 1 1061 2219 322 2 0 1058
 0 0 1064 81 1 1062 2315 324 2 1058 994 0 0 1065 83 1 1063 3138 81 1 994 2317 46
 2 1062 1066 0 988 1067 83 1 1065 5149 81 1 1066 2411 330 2 994 358 0 0 1068 82
 3 1067 4 24 3 81 1 358 2412 332 2 1066 4 0 0 1069 98 11 1068 70 97 108 97 110 1
03 101 32 51 45 52 84 11 1069 Falange 3-482 1 1064 10554 81 1 1048 2311 250 547
 0 812 1042 1053 1070 83 1 1060 3136 81 1 1042 2310 250 694 0 746 1037 1048 1071
 83 1 1070 3135 81 1 1037 2309 250 546 0 781 1032 1042 1072 83 1 1071 3134 81 1
 1032 2308 250 514 0 915 1028 1037 1073 83 1 1072 3133 81 1 1028 2307 250 501 0
 822 1025 1032 1074 83 1 1073 3132 81 1 1025 2306 250 652 0 849 1020 1028 1075 8
3 1 1074 3131 81 1 1020 2305 250 1012 0 1015 1014 1025 1076 83 1 1075 3130 81 1
 1014 2304 250 1005 0 1009 1007 1020 1077 83 1 1076 3129 81 1 1007 2303 250 363
 0 839 1001 1014 1078 83 1 1077 3128 81 1 1001 2302 250 991 0 997 993 1007 1079
 83 1 1078 3127 81 1 993 2301 250 606 0 988 986 1001 1080 83 1 1079 3126 81 1 98
6 2300 250 603 0 911 980 993 1081 83 1 1080 3125 81 1 980 2299 250 594 0 903 976
 986 1082 83 1 1081 3124 81 1 976 2298 250 604 0 974 967 980 1083 83 1 1082 3123
 81 1 967 2297 250 650 0 970 964 976 1084 83 1 1083 3122 83 1 1084 3121 13 368 1
0 0 0 0 0 0 0 12 361 82 3 1054 4 554 2 15 1052 1848 0 1085 1046 0 51 548 1902 0
 1046 0 543 0 +-.03119359702781065 .396722797574458 .080478765259787 .0476146467
764651 .953459508991536 .2977378211211545 .008335 .885917657015934 -.17799690577
27655 .4283304875008535 17 1085 0 1052 1086 570 436 443 672 0 0 -17 1086 0 1052
 887 1085 480 566 559 0 0 -17 570 0 1052 1085 887 440 1087 567 0 0 +17 443 0 651
 447 439 440 1085 672 0 1088 +15 651 334 0 439 604 1089 17 447 0 651 1090 443 44
4 1088 669 0 1091 +17 439 0 651 443 640 436 678 675 0 566 -17 1088 0 1000 1087 1
091 440 447 669 0 570 -15 1000 1687 0 1092 991 1093 17 1087 0 1000 1092 1088 476
 570 567 0 887 -17 1091 0 1000 1088 1092 444 574 571 0 668 -17 1092 0 1000 1091
 1087 472 479 872 0 574 -17 574 0 1047 1094 668 472 1091 571 0 0 +17 668 0 1047
 574 761 444 1090 664 0 0 +15 1047 1844 0 1094 547 0 17 761 0 1047 668 1094 383
 380 752 0 0 -17 1090 0 651 389 447 383 668 664 0 761 -17 389 0 651 451 1090 374
 387 757 0 507 -17 451 0 651 455 389 448 507 657 0 496 +17 387 0 378 380 379 383
 389 757 0 1090 +17 507 0 506 388 497 374 451 657 0 0 -17 388 0 506 521 507 14 3
79 371 0 0 -17 521 0 506 517 388 468 381 611 0 0 -17 381 0 605 370 471 14 521 61
1 0 388 +15 605 305 0 463 594 1095 17 370 0 605 475 381 391 373 13 0 1094 +17 47
1 0 605 381 467 468 1096 619 0 522 +17 467 0 605 471 463 464 1097 624 0 1096 +17
 1096 0 1013 1098 522 464 471 619 0 946 -17 522 0 1013 1096 487 468 517 523 0 52
1 +15 1013 632 0 1099 1005 0 17 487 0 1013 522 1099 484 515 551 0 513 +17 1099 0
 1013 487 1098 396 403 727 0 515 -17 515 0 512 504 513 396 487 551 0 0 -17 1098
 0 1013 1099 1096 400 946 939 0 1100 -17 403 0 1101 407 399 400 1099 727 0 1098
 +16 727 494 947 ?403 518 719 721 679 679 2 81 1 947 2342 46 727 1102 0 726 944
 1103 81 1 1102 2257 250 727 0 947 1104 1105 1106 81 1 726 2341 46 719 1105 0 92
3 947 1107 82 3 1103 4 1335 1 81 1 1105 2258 250 719 0 726 1102 1108 1109 82 3 1
107 4 1334 1 81 1 1108 2259 250 728 0 995 1105 1110 1111 83 1 1109 3082 16 728 5
 995 ?1112 719 1113 729 0 0 2 81 1 995 2319 46 728 1108 0 988 997 1114 81 1 1110
 2260 250 1113 0 981 1108 1115 1116 83 1 1111 3083 16 1113 304 981 8070656024308
4e-20 592 728 1117 0 0 0 2 81 1 981 2330 46 1113 1110 0 839 903 1118 81 1 1115 2
261 250 1117 0 832 1110 1119 1120 83 1 1116 3084 16 1117 122 832 ?419 1113 1121
 1122 0 0 2 81 1 832 2325 46 1117 1115 0 911 422 1123 81 1 1119 2262 250 1121 0
 921 1115 957 1124 83 1 1120 3085 16 1121 333 921 807065963730304e-21 640 1117 6
89 0 0 0 2 81 1 921 2335 46 1121 1119 0 907 974 1125 81 1 957 2263 250 689 0 972
 1119 955 1126 83 1 1124 3086 16 689 388 972 ?1127 1121 682 683 0 0 2 81 1 972 2
337 46 689 957 0 974 970 1128 83 1 1126 3087 82 3 1128 4 1331 1 17 1127 0 985 11
29 1130 420 427 689 0 0 +15 985 442 0 1130 603 0 17 1129 0 985 1130 1127 456 919
 636 0 582 -17 1130 0 985 1127 1129 424 582 579 0 1131 -17 427 0 1101 431 423 42
4 1127 689 0 1130 -15 1101 401 0 399 650 0 17 431 0 1101 435 427 428 1131 682 0
 951 +17 423 0 1101 427 419 420 640 1121 710 919 -17 419 0 1101 423 415 416 1132
 1117 0 640 +17 640 0 651 439 919 416 423 1121 637 678 +133 710 19 0 423 708 112
2 0 +708 -.04063773883417355 .4069919381418155 .0826970583560855 -.0409282946216
0485 .397418128469919 .0798088615639151 0 1 17 919 0 651 640 459 420 1129 636 0
 1127 +17 459 0 651 919 455 456 1133 920 0 1129 +17 455 0 651 459 451 452 496 50
5 0 1133 +17 1133 0 1024 951 582 452 459 920 0 500 -15 1024 624 0 582 652 0 17 9
51 0 1024 1131 1133 428 500 510 0 502 +17 582 0 1024 1133 1131 456 1130 579 0 0
 +17 500 0 494 496 502 452 951 510 0 0 -17 502 0 494 500 495 428 435 679 0 0 -17
 435 0 1101 399 431 432 502 679 0 495 +17 399 0 1101 403 435 396 504 518 0 1099
 +17 1131 0 1024 582 951 424 431 682 0 0 -133 1122 62 0 1117 710 714 0 +714 -.03
717660534196965 .4088176261165975 .0762970645578161 -.04063773883417365 .4069919
38141815 .0826970583560848 .577865846488065 -.577865846488065 31 714 460 0 2 112
2 713 1134 --.03381172485592445 .4068810144757815 .0819606486534535 -.0476146467
764651 -.953459508991536 -.2977378211211545 -.885917657015934 .1779969057727655
 -.4283304875008535 .00686651805073496 141 1134 1122 1134 1134 714 17 678 0 1006
 1132 566 416 439 675 0 0 +15 1006 164 0 1135 363 0 17 1132 0 1006 1135 678 412
 419 1117 0 0 -17 566 0 1006 678 1135 436 1086 559 0 1085 +17 1135 0 1006 566 11
32 480 1136 587 0 1086 -17 1136 0 605 592 483 412 1135 587 0 1132 +16 587 1657 7
82 ?1136 875 583 593 0 0 2 133 593 114 0 587 588 1137 0 +1137 -.0355810218765206
5 .4084970444942505 .0770685098927088 -.03717660534196965 .4088176261165975 .076
2970645578161 .0110361354942868 .012837187152771 30 1137 1658 0 2 593 888 1138 +
-.0258039145769117 .4065326465245785 .0817956231891022 -.885917657015934 .177996
9057727655 -.4283304875008535 30 888 1933 0 875 1137 621 0 +-.03605726357357885
 .398960542485317 .074090536205855 .0476146467764651 .953459508991536 .297737821
1211545 141 1138 593 1138 1138 1137 30 621 1984 0 872 888 612 0 --.0283400084510
929 .4190824282167625 .0840040981532637 .885917657015934 -.1779969057727655 .428
3304875008535 17 592 0 605 463 1136 408 415 1113 588 1139 +17 483 0 605 1136 479
 480 887 875 0 1135 -17 479 0 605 483 475 476 1092 872 0 1087 +17 887 0 1052 570
 1086 476 483 875 0 0 +17 475 0 605 479 370 472 1094 620 0 1092 +17 1094 0 1047
 761 574 391 475 620 0 0 -17 463 0 605 467 592 460 1139 627 0 1140 +17 415 0 110
1 419 411 412 592 1113 715 1136 -17 1139 0 992 1112 1140 408 463 627 0 0 -15 992
 381 0 1140 606 0 17 1112 0 992 1140 1139 404 411 728 0 578 +17 1140 0 992 1139
 1112 460 578 575 0 1097 -17 578 0 1019 1100 1097 404 1140 575 0 0 +17 1097 0 10
19 578 946 460 467 624 0 0 -15 1019 628 0 946 1012 0 17 946 0 1019 1097 1100 464
 1098 939 0 0 +17 1100 0 1019 946 578 400 407 719 0 0 -17 407 0 1101 411 403 404
 1100 719 0 1112 +17 411 0 1101 415 407 408 1112 728 0 592 -133 715 14 0 415 713
 729 0 +713 -.03746716112940045 .3992438164447025 .0734088677656457 -.0371766053
419692 .4088176261165985 .0762970645578161 0 1 133 729 55 0 728 715 720 0 +720 -
.0374671611294009 .399243816444703 .0734088677656462 -.0317018825006929 .3990662
11660186 .073055628347028 .594975325354554 1.48789507094459 82 3 1125 4 1330 1 8
2 3 1123 4 1325 1 82 3 1118 4 1326 1 82 3 1114 4 1322 1 81 1 1104 2256 250 518 0
 734 1141 1102 1142 83 1 1106 3081 81 1 734 2363 46 518 1104 0 398 558 1143 81 1
 1141 2255 250 735 0 736 745 1104 1144 83 1 1142 3080 81 1 736 2321 46 735 1141
 0 997 410 1145 81 1 745 2254 250 738 0 743 753 1141 1146 83 1 1144 3079 81 1 75
3 2253 250 699 0 750 758 745 1147 83 1 1146 3078 81 1 758 2252 250 752 0 756 770
 753 1148 83 1 1147 3077 81 1 770 2251 250 757 0 376 767 758 1149 83 1 1148 3076
 81 1 376 2396 46 757 770 0 382 372 1150 83 1 1149 3075 82 3 1150 4 1360 1 82 3
 1145 4 1323 1 81 1 558 2364 46 551 940 0 734 915 1151 82 3 1143 4 1342 1 82 3 1
151 4 1343 1 15 1095 1467 0 586 594 0 17 586 0 1095 586 586 0 1152 583 0 0 +17 1
152 0 1036 1152 1152 0 586 583 0 0 -15 1036 1518 0 1152 546 1153 15 1153 1519 0
 749 546 0 17 749 0 1153 749 749 0 744 738 0 0 -15 378 1669 0 373 361 0 15 1093
 132 0 1154 991 0 17 1154 0 1093 1154 1154 0 737 735 0 0 -17 737 0 1155 737 737
 0 1154 735 0 0 +15 1155 28 0 737 650 1101 15 1089 1476 0 635 604 0 17 635 0 108
9 635 635 0 1156 630 0 0 +17 1156 0 1041 1156 1156 0 635 630 0 0 -15 1041 1513 0
 1156 694 1157 15 1157 1514 0 755 694 0 17 755 0 1157 755 755 0 751 699 0 0 -82
 3 1049 4 553 2 82 3 1043 4 550 2 82 3 1038 4 551 2 82 3 1033 4 549 2 82 3 1029
 4 548 2 82 3 1026 4 545 2 82 3 1021 4 546 2 82 3 1016 4 547 2 82 3 1008 4 541 2
 82 3 1002 4 539 2 50 541 24 0 991 529 595 0 +-.0332164227346017 .41880164198694
8 .0856831157620208 -.0476146467764651 -.953459508991536 -.2977378211211545 -.88
5917657015934 .1779969057727655 -.4283304875008535 82 3 996 4 538 2 82 3 987 4 5
40 2 82 3 982 4 542 2 82 3 977 4 543 2 81 1 688 2339 46 682 955 0 970 923 1158 8
2 3 973 4 544 2 82 3 1158 4 1332 1 81 1 526 2295 250 516 0 524 935 964 1159 83 1
 968 3120 81 1 935 2294 250 503 0 492 932 526 1160 83 1 1159 3119 81 1 492 2402
 46 503 935 0 489 524 1161 83 1 1160 3118 82 3 1161 4 1363 1 83 1 963 3112 81 1
 889 2282 250 587 0 782 877 1162 1163 82 3 961 4 1348 1 81 1 1162 2283 250 583 0
 585 889 1164 1165 83 1 1163 3106 81 1 585 2368 46 583 1162 0 750 743 1166 81 1
 1164 2284 250 579 0 581 1162 880 1167 83 1 1165 3107 81 1 581 2347 46 579 1164
 0 927 577 1168 81 1 880 2285 250 575 0 577 1164 869 1169 83 1 1167 3108 81 1 57
7 2348 46 575 880 0 581 430 1170 83 1 1169 3109 82 3 1170 4 1341 1 82 3 1168 4 1
340 1 82 3 1166 4 1346 1 83 1 958 3088 30 535 764 0 510 511 552 0 +-.01955696735
552195 .4067116721471245 .0632435907669965 -.46139218718976 -.2433763880267385 .
853161874061018 82 3 949 4 1336 1 83 1 943 3113 83 1 936 3117 82 3 929 4 1339 1
 82 3 926 4 1333 1 31 665 755 0 920 1171 658 0 --.0364304534432998 .401728244635
847 .0834708269872617 -.46139218718976 -.2433763880267385 .853161874061018 .0476
146467764652 .953459508991536 .2977378211211545 .00541775 30 1171 915 0 2 641 66
5 1172 +-.03601853329908465 .396431668479457 .0821826718657341 -.885917657015934
 .1779969057727655 -.4283304875008535 133 641 94 0 636 637 1171 0 +1171 -.036509
4507241625 .3965303026831685 .0819453192197619 -.04092829462160485 .397418128469
9205 .0798088615639149 .000554134372636174 .00554200639713845 141 1172 641 1172
 1172 1171 82 3 922 4 1329 1 82 3 916 4 1344 1 82 3 912 4 1324 1 82 3 908 4 1328
 1 82 3 904 4 1327 1 82 3 900 4 1368 1 83 1 893 3091 83 1 890 3105 83 1 885 3093
 83 1 881 3110 83 1 878 3104 83 1 871 3111 83 1 865 3092 82 3 853 4 778 0 82 3 8
50 4 776 0 82 3 846 4 770 0 82 3 843 4 765 0 82 3 840 4 768 0 82 3 836 4 767 0 8
2 3 833 4 766 0 82 3 829 4 773 0 82 3 826 4 769 0 82 3 823 4 777 0 82 3 819 4 78
2 0 82 3 816 4 785 0 82 3 813 4 786 0 82 3 809 4 791 0 82 3 806 4 775 0 82 3 803
 4 774 0 82 3 800 4 771 0 82 3 797 4 772 0 82 3 794 4 792 0 82 3 790 4 780 0 82
 3 786 4 784 0 82 3 783 4 779 0 82 3 772 4 1361 1 83 1 771 3074 82 3 760 4 1351
 1 15 693 1492 0 751 650 748 15 748 1484 0 744 650 1155 82 3 754 4 1345 1 82 3 7
47 4 1347 1 141 730 729 730 730 720 141 716 715 716 716 713 134 717 0 0 0 0 0 0
 +1173 1174 136 1173 2 3 2 2 5 FFF1 1175 1176 1177 135 1174 2 0 45 6 1175 5.6882
0998182495 -.0225045000000008 5.69674851385036 -.0175773682974322 5.705319460691
45 -.0125024999999991 127 2 1176 3 3 128 2 1177 0 1 31 690 916 0 2 683 708 1178
 +-.03428796655298265 .397344512466848 .0789826749665997 -.0476146467764651 -.95
3459508991536 -.2977378211211545 -.885917657015934 .1779969057727655 -.428330487
5008535 .00669193249132293 141 711 710 711 711 708 134 712 0 0 0 0 0 0 +1179 118
0 136 1179 2 3 2 2 5 FFF1 1181 1182 1183 135 1180 2 0 45 6 1181 .577865846488141
 -.0125024999999991 .586436793329204 -.0175773682974205 .594975325354634 -.02250
45000000011 127 2 1182 3 3 128 2 1183 0 1 141 1178 683 1178 1178 690 40 20 702 0
 1 20 617179672013856e-19 .348040709434396 ??-.03714553578462575 .40156174395277
6 .0866099263339859 -.036975959969439 .401255843941114 .0866055275578886 -.03690
16700450805 .4009205566170035 .0865392231188473 -.03693319534048675 .40059216429
9537 .0864222706109895 -.03706647387558235 .4003085340483395 .0862672643750791 -
.0372837839719929 .4001026597707185 .0860862643270098 -.03755604652079115 .40000
008390102 .0858927906236765 -.03784761335356625 .400013114218998 .08570322801290
16 -.0381258554086771 .400139456981799 .0855350965766246 -.03836426901154035 .40
03673034715965 .0854074940241015 -.03853833587503625 .4006733978265205 .08534258
44570386 -.038628115658769 .4010161611155195 .0853580391799573 -.038628280896915
 .401346694444456 .085453813751955 -.0385455628752667 .4016317466468535 .0856151
93774786 -.03838595055535975 .401851650841561 .0858245602142376 -.03815573783273
235 .4019849196818725 .0860586273298214 -.03787459035435875 .4020104008326485 .0
862825415121424 -.0375787658305592 .4019232991500125 .0864605206654788 -.0373059
236107021 .401737844148814 .0865728911757876 -.03714553578462575 .40156174395277
6 .0866099263339859 41 1 703 H?-.03714553578462575 .401561743952776 .08660992633
39859 41 1 704 H?-.03714553578462575 .401561743952776 .0866099263339859 204 80 7
05 4 1.56855481299511 -.0163486814844589 5.49595077911514 .00028538437815005 1.5
98404061773375 -.0166335801488472 5.83319582217114 .00029292936253678 1.61273940
680268 -.0169694670869684 6.17037711637223 .0003021735548005 1.609889337435285 -
.0173188981154059 .2247038091600975 .00030748451450066 1.590142380138045 -.01764
18253047595 .561865396362195 .00030920734433627 1.55568923054779 -.0179023557958
305 .899192973692526 .0003132595657959405 1.510470115959785 -.018070725858154 1.
23584995093928 .0003277395955674795 1.459766886229844 -.018128624788025 1.570158
43125638 .0003581118008663495 1.408930299193366 -.0180714695641116 1.90356437630
193 .00040392526701708 1.36296553816287 -.0179035712472689 2.240522628931475 .00
045824118189325 1.32730239327161 -.017639336839206 2.58254710745247 .00050780259
74042 1.30711335192393 -.0173121992991386 2.923479313114255 .0005366140174788 1.
30461115320938 -.0169685413089961 3.255295142919975 .00053527057227526 1.3187954
19502862 -.0166447680503083 3.57969062061376 .00050512771390758 1.34802523519354
 -.0163651621130654 3.90666038093414 .00045366761606381 1.390232906713484 -.0161
574435395571 4.243245375624285 .0003926233176796795 1.440928136513666 -.01605309
38354123 4.58669970013809 .0003375090346701495 1.493208609279018 -.0160690650574
429 4.92829737066033 .0003009566378151 1.540721188666805 -.0161994406550039 5.26
406623859095 .0002858383028953 1.56855481299511 -.0163486814844589 5.49595077911
514 .00028538437815005 141 695 696 1184 1184 653 141 1184 700 695 695 653 141 65
4 718 1185 1185 642 141 1185 680 654 654 642 141 608 655 1186 1187 536 141 1186
 609 1188 608 536 141 1187 511 608 1188 536 141 1188 552 1187 1186 536 40 2 560
 0 1 2 298656893453416e-20 .0183367461355667 ??-.0272498673111804 .4085318686624
27 .0812882890409818 -.02739062259479265 .4082878131727785 .0814382132146899 41
 1 561 L?-.0272498673111804 .408531868662427 .0812882890409818 41 1 562 L?-.0273
9062259479265 .4082878131727785 .0814382132146899 204 8 563 4 -.0103191158839316
4 -.018501499679279 .653147838583629 .0016862762653787 -.01051462078272056 -.018
75375 .623567121939857 .0014915153217541 141 542 549 1189 1190 529 141 1189 552
 1191 542 529 141 1190 519 542 1191 529 141 1191 511 1190 1189 529 40 2 537 0 1
 2 298656893561726e-20 .0183367461353726 ??-.0308517560869966 .406462125197996 .
0878382070129587 -.03094377345777605 .406583397143773 .0881187035519672 41 1 538
 L?-.0308517560869966 .406462125197996 .0878382070129587 41 1 539 L?-.0309437734
5777605 .406583397143773 .0881187035519672 204 8 540 4 -.01051462078272056 -.026
25525 5.65961818523973 .0014915153217541 -.01031911588393152 -.02650750032071925
 5.63003746859628 .0016862762653787 82 3 528 4 1364 1 82 3 493 4 790 0 82 3 386
 4 787 0 82 3 377 4 788 0 19 362 32 0 2 0 12 8 0 S0 141 366 365 366 366 10 74 20
 360 8 0 0 1061 1058 1062 793 1066 358 4 1050 0 0 0 0 0 0 0 0 0 0 0 0 83 3 359 .
796078431372549 .823529411764706 .937254901960784 1 0 
