**ABCDEFGHIJKLMNOPQRSTUVWXYZabcdefghijklmnopqrstuvwxyz**************************
**PARASOLID !"#$%&'()*+,-./:;<=>?@[\]^_`{|}~0123456789**************************
**PART1;
MC=unknown;
MC_MODEL=unknown;
MC_ID=unknown;
OS=unknown;
OS_RELEASE=unknown;
FRU=Parasolid 37.0.209;
APPL=Onshape;
SITE=unknown;
USER=unknown;
FORMAT=text;
GUISE=transmit;
KEY=BTGapi::writeModels_.xmt;
FILE=BTGapi::writeModels_.xmt;
DATE=2025-05-12T18:10:44 (UTC);
**PART2;
SCH=SCH_3700209_36001;
USFLD_SIZE=0;
**PART3;
**END_OF_HEADER*****************************************************************
T51 : TRANSMIT FILE created by modeller version 370020923 SCH_3700209_36001_1300
6231 0 176 6 14 PART_XMT_BLOCK9 Part list9 n_entries0 0 1 d16 index_map_offset0
 0 1 d9 index_map82 0 20 schema_embedding_map82 0 16 mesh_offset_data206 0 7 ent
ries1005 1 T2 1 2 0 0 0 0 2 3 12 36 CCCI7 lattice222 0 CCCI4 mesh1006 0 I8 polyl
ine1008 0 CCCCCCCDI5 owner1040 0 CCCI16 boundary_lattice222 0 CCCI13 boundary_me
sh1006 0 I17 boundary_polyline1008 0 CCCA16 index_map_offset0 0 1 dA9 index_map8
2 0 A17 node_id_index_map82 0 A20 schema_embedding_map82 0 A5 child12 0 A14 lowe
st_node_id0 0 1 dA16 mesh_offset_data206 0 Z2 280 4 5 0 0 0 0 0 0 0 1e3 1e-8 0 6
 7 1 0 1 2 8 0 9 10 0 0 0 11 12 0 0 0 0 0 0 0 0 12 3 376 13 14 0 0 0 0 0 0 0 1e3
 1e-8 0 15 16 1 0 1 2 17 0 18 19 20 0 0 21 22 23 0 0 0 0 0 0 0 81 255 1 13 366 2
4 3 25 0 0 0 26 70 11 CI9 list_type0 0 1 uI10 notransmit0 0 1 lCCCDCCDI12 finger
_index0 0 1 dI12 finger_block1012 0 CZ14 0 4 T3 0 0 8 20 1 27 27 13 255 17 48 0
 3 0 28 0 0 29 0 68 255 18 89 0 28 30 0 31 +19 .0220673703715256 .50505366464621
 .00952764939142183 -.3889936139176615 -.908168433485591 -.1546417303046115 ?.02
20673703715256 .50505366464621 .00952764939142183 ?1 ?0 134 255 19 3 0 3 32 0 33
 +34 35 29 255 20 147 0 23 36 0 .0178143664172969 .494340557868973 .000951030262
943274 19 9 CCCCCCI5 frame230 0 CA5 owner12 0 Z21 2 0 3 29 0 37 0 V0 16 255 22 2
64 38 ?39 0 40 32 0 0 3 18 255 23 145 41 42 0 43 20 100000000000012e-19 3 81 1 4
1 349 44 23 45 0 46 47 48 17 255 42 0 49 50 50 23 51 52 53 54 -18 43 178 55 50 2
3 56 36 100000293890099e-19 3 81 1 55 353 44 43 57 0 58 59 60 17 50 0 49 42 42 4
3 54 61 62 51 +18 56 272 63 64 43 65 66 272107553681012e-20 3 29 36 212 0 43 66
 20 .0226841160479883 .498709818787251 .00384787533551221 29 66 311 0 56 67 36 .
02226619174681995 .504923226310074 .00907395424834519 29 67 229 0 65 0 66 .02165
70565446511 .505068859486098 .00982969769840249 18 65 228 68 69 56 0 67 30049244
1449031e-20 3 81 1 68 356 44 65 70 0 71 72 73 17 69 0 74 64 64 65 75 76 77 78 +1
5 255 74 243 0 64 79 0 17 64 0 74 69 69 56 80 81 0 75 -17 75 0 82 78 78 56 69 76
 83 84 -16 76 231 72 254565747802858e-20 69 81 85 0 0 0 3 133 255 77 26 0 69 86
 87 0 +86 .02226614519282705 .504923073579172 .00907395589825655 .02165696068197
13 .505068446768852 .00982966987230137 .652508187248006 1.63160331907123 17 78 0
 82 75 75 65 84 85 0 80 -15 82 236 0 78 88 89 17 84 0 90 80 80 56 78 85 0 0 +16
 85 235 91 ?84 76 0 92 0 0 3 17 80 0 90 84 84 65 64 81 0 0 +15 90 292 0 80 93 0
 16 81 267 94 ?80 95 76 87 0 0 3 81 1 94 361 44 81 96 0 97 63 98 16 95 56 99 ?10
0 101 81 102 0 0 3 133 87 72 0 81 77 103 0 +103 .02226615358987675 .504923070139
643 .00907394377598638 .02165693794415885 .505068449098481 .00982969392303497 .0
00303988240780519 .00168478315764198 38 12 CCCCCCCCCCCA17 intersection_data204 0
 Z103 307 0 3 87 104 105 +106 107 108 109 110 111 134 104 24 0 3 103 102 112 +11
3 114 141 255 105 87 105 105 103 68 106 196 0 79 107 115 116 +104 .0226358291714
3195 .504707061556966 .0101332242351332 -.3889936139176615 -.908168433485591 -.1
546417303046115 ?.02263582917143195 .504707061556966 .0101332242351332 ?1 ?0 51
 255 107 301 0 93 117 106 118 +.0235844454658045 .508595521536803 .0101307521396
0982 -.3889936139176615 -.908168433485591 -.1546417303046115 5e-4 .6316208887848
36 -.385114543603648 .67286093745707 40 255 13 108 0 1 13 293469708564564e-19 .3
42826141963883 ??.02246527410227185 .504857061046781 .00928955187253245 .0223675
482048732 .504891174998877 .00915161381834637 .0222308411774315 .50493373627034
 .00905552886144541 .02207014681437805 .504980368958656 .0090121863210696 .02190
537107355495 .505025733478064 .00902719235832898 .02175685735315435 .50506469860
5604 .00909767171184437 .02164113501125655 .505093262537444 .00921367461847486 .
02156933051777615 .505108781837383 .00936150092494592 .02154795851269875 .505109
697093501 .00952590305006414 .02157968781569455 .505095396163431 .00969032774892
409 .02166259987054585 .505066559986441 .00983681788815009 .021788612299859 .505
02574936543 .00994747898236342 .02183308076890385 .505011722477693 .009971518763
37113 41 3 CI8 term_use0 0 1 cCZ1 109 L?.02246527410227185 .504857061046781 .009
28955187253245 41 1 110 L?.02183308076890385 .505011722477693 .00997151876337113
 204 2 17 INTERSECTION_DATA17 Intersection data7 uv_type0 0 1 u6 values0 1 1 fT5
2 111 4 .963660677816767 2.142156919250825 5.05257810843422 .003960586984998295
 .956495204937952 2.07749643072099 4.71070111568 .003988951499939895 .9501482307
39364 1.985949825945755 4.369225876427715 .0040183356013527 .944971652209669 1.8
7855451895873 4.02605159728124 .0040451969123148 .941303812347042 1.762629327188
975 3.68373189254785 .0040657744391306 .939348734822145 1.643352793667125 3.3450
09364503945 .0040772593799289 .939158675183807 1.524113687511655 3.0108126877586
35 .0040783948804789 .940684803384966 1.406914178794352 2.67964746446691 .004069
3721157626 .943836232144893 1.293323297011506 2.348507850599945 .004051431053445
3 .948492055870632 1.185867765754864 2.0144961716079 .004026649290527795 .954462
455957604 1.08973027950826 1.676191909040585 .0039979316477565 .961429791622589
 1.01513464519365 1.334260644382704 .0039688637121454 .963660677816767 .99943573
433897 1.230607198745364 .003960586984998295 14 255 93 287 119 ?0 88 120 17 107
 -0 0 0 88 37 67 255 117 198 0 88 0 107 121 +122 .631620888784836 -.385114543603
648 .67286093745707 .0027214821874353 141 118 103 123 123 107 141 123 124 118 11
8 107 38 124 237 0 3 92 122 125 +117 107 126 127 128 129 133 92 82 0 85 83 124 0
 +124 .02165709659931185 .505068996260674 .00982969841782846 .0222662043494602 .
504923278426613 .0090739579115827 0 .00137222430999009 134 122 30 0 3 124 86 130
 +131 132 141 125 92 125 125 124 40 10 126 0 1 10 284360059663515e-19 .338969894
694496 ??.02165709659931185 .505068996260674 .00982969841782846 .021589763907176
25 .505126782357168 .00968737028794256 .021573099493137 .505169247861617 .009525
9935096335 .02160799301615185 .505189158989144 .00936272969741558 .0216895265935
554 .505181667700133 .00921607844066767 .0218073053078063 .505146554205128 .0091
027423075062 .0219483520646135 .505088276352587 .00903476703325978 .022098610044
7947 .505014806593479 .00901986056396961 .0222423128963624 .504936872510437 .009
06085274061512 .0222662043494602 .504923278426613 .0090739579115827 41 1 127 L?.
02165709659931185 .505068996260674 .00982969841782846 41 1 128 L?.02226620434946
02 .504923278426613 .0090739579115827 204 40 129 4 .631619956983687 .00090000000
0434753 1.69472313418011 .003998960804977495 .632652378885061 .00074093734706154
5 2.03164669671118 .0039946831517724 .634756509279751 .00060921215047638 2.36833
2762310975 .0039875552559898 .63770276893509 .000520475170361088 2.7059579545708
15 .0039811466392925 .641152353141362 .000486146130149365 3.043446846191445 .003
978912354663 .644703017551236 .00051015416707344 3.37930993786782 .0039825126504
55 .647971547568991 .000588988430014066 3.714570300121755 .0039910842828701 .650
611009185907 .000713720087534699 4.051334338089565 .0040016629663803 .6523116581
42121 .00086996623403474 4.38958489461858 .0040102016478047 .65249946491536 9e-4
 4.450464469961515 .004011227136619395 137 255 86 27 0 3 122 77 133 +106 134 0 ?
141 130 117 130 130 122 136 255 131 3 46 3 25 6 TTF1 135 136 137 135 255 132 2 0
 45 255 138 135 .0178143664172969 .494340557868973 .000951030262943274 .01688337
490381575 .494160125686549 .000778017324838062 .015909604006252 .494098717190606
 .00078038238047692 .01405406049815304 .494085068182385 .00119572723146565 .0131
6469912083086 .494139488876879 .001615946163026385 .01170683299310516 .494326011
308132 .00282259163376974 .01113120806383106 .494459175099856 .00361670277097848
5 .01044793347395524 .494780745371918 .0053813054316433 .0103400706738482 .49496
5734779389 .00634016802189844 .01056251841277216 .495414172117767 .0081793432306
2985 .01089218555696734 .495659455899343 .00907188093234372 .0116374862665512 .4
96317639562347 .01012885623232262 .0119184525045439 .496582511793914 .0104234513
3135196 .01248695820137312 .497229516181065 .0108552102473053 .01276400787446264
 .497606287876564 .01098254522586362 .0132830568287213 .498409554272343 .0111125
2253803806 .01352604233653702 .498828392167624 .01112041019631204 .0140318089072
5534 .49965196142191 .0111374024887997 .0142972041641846 .500054125254558 .01115
39605747726 .0151632600018313 .501203519764828 .01128355446452632 .0158330369258
5555 .501901730323698 .01145491737303694 .01685166273662265 .502929427205525 .01
14804777294224 .0171869116705786 .503278310374431 .0114386495057163 .01784220327
78914 .503976968163644 .0112198894259096 .018167904346099 .504307044940795 .0110
6658223629856 .0188935696962775 .504865868876088 .01072298768108258 .01929667075
84895 .505091051937116 .0105346042464185 .0201160932071177 .505374143591592 .010
0769465981747 .02051136309032955 .505437247628351 .00977972920365212 .0212255387
427888 .505420324077499 .00910784459308263 .0215320865168982 .505354105974918 .0
0872365664581238 .02205587479598905 .505099138348602 .00792789835798502 .0222833
6408626035 .504902259116985 .00754381388256418 .0225937216147094 .50436610423614
4 .00677602088712845 .02266246962093865 .504041730385201 .00640941711493428 .022
76552444332395 .503294361600482 .00577373649544183 .0227959146886681 .5028856977
70417 .00551029671297804 .02287754816639415 .501593542779713 .00482658602620129
 .0228124948850396 .50069093631613 .004434953182399695 .0227033146420842 .498832
374871134 .003853238808734815 .02266819266097435 .497835171606941 .0036749136010
066 .02182639784380605 .496260047223476 .002839701867843865 .02115536312724615 .
495715744129651 .00232073784175769 .01964245549176985 .494840415323876 .00147861
924796195 .0187453579307781 .494520990051397 .001124043201048494 .01781436641729
69 .494340557868973 .000951030262943274 127 255 25 136 1 3 2 2 2 2 2 2 2 2 2 2 2
 2 2 2 2 2 2 2 2 2 2 3 1 128 255 25 137 -.0625 0 .0625 .125 .1875 .25 .3125 .343
75 .375 .40625 .4375 .5 .53125 .5625 .59375 .625 .65625 .6875 .71875 .75 .8125 .
875 .9375 1 1.0625 141 133 77 133 133 86 134 134 0 0 0 0 0 0 +138 139 136 138 2
 291 2 148 5 TTF1 140 141 142 135 139 2 0 45 582 140 .217691959329953 2.43847660
79695 .20729121057529 2.39492884850229 .197743645826166 2.34865307107701 .188436
010084433 2.30354019766291 .179970679292977 2.25598492919327 .171700362372061 2.
20952518046141 .164274005200149 2.1609549217131 .156993088221237 2.1133358787012
3 .150561923683007 2.06393400199653 .144172428211449 2.01485221197004 .138819068
477154 1.96489143292184 .133437248629112 1.91466504694169 .12915212427411 1.8640
0662066558 .124829391998865 1.81290359631081 .121663747174587 1.76183307915074 .
11845887856651 1.71012977498049 .116464759488854 1.65883342780981 .1144570208994
36 1.60718673485915 .113648257973262 1.55505091713901 .112839086006484 1.5028887
3116473 .113236661728606 1.45062818305404 .113635491935599 1.39820273536991 .115
246459802364 1.3461113851049 .116866398566019 1.29372995696697 .119702761087037
 1.24203802644107 .122538384945797 1.19035955783261 .126573907254415 1.139074099
95005 .130589703582232 1.08803932980509 .135771349489076 1.03768176693129 .14094
5887238829 .987393284321569 .147245273761341 .938154805790752 .153557366216685 .
888817012699892 .160952431414154 .840905510851559 .16474687095959 .8163219145694
37 .168609541748326 .793192928305223 .172660331458375 .768937519369991 .17681199
3704903 .746130014844388 .181151585291188 .722290104739407 .185624227382812 .699
909754121104 .190285437689095 .676585839794135 .195111692072358 .654747727605875
 .205323768962915 .608539537340458 .216379944454868 .568542939887201 .2282214300
82265 .525705420327906 .241165676973528 .489509043921654 .24792188358751 .470616
465640939 .254963456961598 .453676331080422 .262162805569867 .436356631676174 .2
69615927696403 .421189576173892 .277252568847594 .405649060638969 .2851126452928
65 .392460666360838 .293181135596158 .378922575212485 .301443551599461 .36793739
5204645 .309701432185871 .356958245197105 .318478825556571 .348271724462769 .327
012698594129 .33982620288772 .336017827529145 .333571084122004 .344771591662515
 .327490567707812 .353941503787871 .323503461568326 .362856207092756 .3196273210
12921 .372127021710096 .317748951899091 .38080607603049 .315990479936746 .390414
115730936 .315676651695284 .394835658497324 .315532230457009 .399564981912003 .3
15688090283868 .403947988263981 .315832536867711 .408718740370305 .3162403704352
3 .413033970065241 .31660926311335 .417873841881889 .317213017219112 .4220460268
69 .317733480138667 .427028725603531 .31848345772249 .430721914386472 .319039342
986199 .436181844839418 .319926796459195 .436705331021019 .320011883555804 .4407
57268544642 .320673579308876 .443530799673302 .321126506768431 .445331687818382
 .321415576584453 .455052914903695 .322975980728786 .463614294176387 .3238628201
94301 .473185231794228 .324854235821518 .481868771423482 .325065088710759 .49134
644316466 .325295224640948 .500094044865349 .324604258205454 .50950867591446 .32
3860603626739 .518293757555522 .322032782118441 .527073100725491 .32020615455475
5 .536483022737839 .3171975544893 .545165934841974 .314421398651818 .55467420218
2842 .310542406458794 .56317347243333 .307075044660252 .572866223854855 .3025022
93915263 .577190596898247 .300462183816921 .581962246845605 .298104417170207 .58
6183047864297 .296018835877766 .591058192080671 .293533286717329 .59500723349408
7 .291519902880051 .600154078192802 .288850195788355 .601567489345912 .288117048
782797 .609250014582689 .284118585211344 .614810237173525 .281224699829466 .6183
46220774945 .279404322986208 .623340218626235 .276833338765546 .627443044005694
 .274776025957614 .632282468516834 .272349354308455 .636540973975782 .2703054331
01793 .641309279291908 .268016827287048 .645640653481427 .266067841721282 .65540
1958960236 .261675553581578 .663848620049231 .258613810574966 .683040898961585 .
25165699946088 .700420377977365 .252458945830564 .709852311922883 .2528941663098
35 .71878383011548 .255615804775512 .728244477944394 .258498681178624 .737191737
875508 .263965814615604 .746140009619773 .269433566310861 .755567971203636 .2769
79765561044 .76438821346998 .284039542479381 .773867847689919 .29311620774171 .7
82543960552954 .301423508467546 .792171195976089 .311810002049414 .8006018237300
83 .320905516723083 .810565752228686 .332476739608517 .81571377324964 .338455194
658722 .819823390930757 .34334577941487 .824816968096423 .349288306009805 .82911
3048399255 .354614690915107 .834042890045704 .360726828556917 .838416393950126 .
366475321660947 .843308105749575 .372904942431972 .84771359886426 .3791554441762
37 .852573372241068 .386050477530671 .856983398960264 .392929951360473 .86180938
0239769 .400458298472508 .866203241775993 .408136058356397 .870989525312315 .416
499529855244 .875349469486229 .425194250003682 .880087833599851 .43464362556584
 .884397439969434 .444637579259158 .893958409799846 .466809416209924 .9019664525
98932 .496216544294299 .906388822809793 .512456368492309 .910382829522375 .53106
5418261128 .914664072658717 .551012772467023 .918487910419155 .573862448320359 .
922595642135904 .598408557256063 .926216595884233 .626572739146387 .930109833089
696 .656854772118343 .933486066214243 .6917057293178 .937112124383153 .729135490
055766 .940189095494798 .772362404106104 .943479858657227 .81859278171476 .94618
5559602821 .872104877287719 .948464334723123 .917173432341961 .950333041618052 .
968205160503953 .953253155154661 1.04794930904151 .95516739362747 1.142137196362
6 .955981329055877 1.18218594656086 .956607400360162 1.22462680995498 .957236702
532483 1.26728669125982 .957669056681586 1.31196336911893 .958102147441546 1.356
7161635737 .958330620887269 1.40289423446893 .95855888974726 1.44903095537554 .9
58577902075835 1.49582792324792 .958596859474804 1.54248968732419 .9584061196895
72 1.58897418968422 .958216304290228 1.63523341330677 .957820625905808 1.6805341
4192557 .957427857251903 1.72550173909821 .956836275234193 1.76889264006726 .956
251024740544 1.81181914129918 .955475629239178 1.85276416882109 .953746391401978
 1.94407717065224 .951106136022628 2.02355551648194 .949215278310716 2.080475102
48769 .946854025856578 2.13128648325207 .944250236289931 2.18731697794539 .94110
5972223418 2.23661039132373 .938164994874554 2.28271682803743 .93471857408778 2.
32339735969749 .93149989544015 2.36138969050369 .927806018934473 2.3950261433396
 .924352378963803 2.42647500141785 .920450701258385 2.45439198148721 .9167926919
43001 2.48056548449319 .912711482708255 2.50382799608615 .908870992364551 2.5257
1843247506 .904630219040187 2.5451632618533 .89682166622853 2.58096710362935 .88
7550726223092 2.60888696471313 .883336326778926 2.62157882195346 .87864424227448
2 2.63303367301256 .874361856696764 2.64348832039241 .869602268572743 2.65309918
288654 .865273558373048 2.66183998932234 .860455920696342 2.67006738459876 .8561
02892408596 2.67750133600318 .851231244833587 2.6847152407605 .846880045713347 2
.69115846875479 .841950564752871 2.69766535349981 .837640456679459 2.70335466981
873 .83263328959169 2.70942447074252 .828448180268829 2.71449775469507 .82329640
5696354 2.72041177777221 .81957518110992 2.72468358892578 .813954795457094 2.730
97982218998 .805894800793349 2.74000902581511 .795414512171417 2.75138029914771
 .788572106279738 2.7588044141176 .777107721230797 2.77110366786909 .77256499203
8896 2.77597721135328 .768020995808394 2.78084957349708 .763630889156048 2.78555
692543469 .758967856207255 2.79057389750646 .749056147476273 2.80123793664857 .7
40931565314749 2.81008457189248 .732346567075506 2.8194325416074 .72289814303736
4 2.82841053537947 .714342992627952 2.83653973097704 .704792387823651 2.84463169
207947 .696322409377306 2.85180806860542 .686614912527371 2.85933840311637 .6783
34169500656 2.86576197099945 .668392814464025 2.87302658751795 .660725477119615
 2.87862947216697 .650153179622652 2.88612019387805 .646650544187919 2.888601893
55634 .641035028167966 2.89256105387471 .633632868017586 2.89777986878565 .63192
2311772325 2.89898796957388 .62116611876411 2.90658465941533 .613725996946741 2.
91195597704434 .603906023902103 2.91904540321583 .595589645362612 2.925316898100
57 .591675712926629 2.9282684481214 .586533539355023 2.93226113346442 .584637656
200222 2.93373320841071 .582000161650066 2.93579295368821 .579731243080973 2.937
56486040454 .577463287924703 2.93933800007577 .572207936775102 2.9434467548648 .
568379391524157 2.94639016095931 .563410707217231 2.95021011206661 .559282793070
592 2.95326563287947 .554467543640545 2.95682992572325 .550174807954368 2.959817
26038285 .545427891426521 2.96312066159516 .541057045234399 2.96590226017227 .53
6347934777426 2.96889912951308 .531931323895979 2.97138180853568 .52724601292013
6 2.97401553008968 .522799587229138 2.97612065173875 .513280642146829 2.98062731
36649 .504525953183276 2.98285078893713 .495089271314624 2.98524747360225 .48625
0991339742 2.98506782452763 .476871867001246 2.98487718211609 .467986557240596 2
.98178108770934 .458654709647332 2.97852939678167 .449743294644795 2.97202635214
672 .440830070082999 2.96552198699817 .43178694685763 2.95637255308317 .42314610
1176141 2.94763012587498 .414361699747917 2.93644314803055 .405985274193345 2.92
577572944089 .397444101033644 2.91283829442395 .389323661553053 2.90053815062347
 .381011309904122 2.88611768332038 .373139003271605 2.87246061668164 .3650418962
77673 2.85680743515225 .357410908871716 2.8420553476223 .34951623675399 2.825403
92046751 .342121243462561 2.80980641492628 .334416626809779 2.79237492922 .32725
4389150611 2.77617056124075 .319727199029563 2.75815882339017 .3125049418277 2.7
4087675646779 .305403398371821 2.72267431645448 .298339441356678 2.7045682167560
7 .291438903875855 2.68566239257671 .28455478659185 2.66680155581391 .2778772528
52999 2.64726322356456 .27119556462251 2.62771273535449 .264762908795372 2.60760
529460812 .258306987469659 2.58742512967961 .252141106000056 2.56680430575513 .2
45934971876048 2.54604886313858 .240057706425993 2.52496173849038 .2281060331289
83 2.48208015917253 .217691959329953 2.4384766079695 127 148 141 1 2 2 2 2 2 2 2
 2 2 2 2 2 2 2 2 2 2 2 2 2 2 2 2 2 2 2 2 2 2 2 2 2 2 2 2 2 2 2 2 2 2 2 2 2 2 2 2
 2 2 2 2 2 2 2 2 2 2 2 2 2 2 2 2 2 2 2 2 2 2 2 2 2 2 2 2 2 2 2 2 2 2 2 2 2 2 2 2
 2 2 2 2 2 2 2 2 2 2 2 2 2 2 2 2 2 2 2 2 2 2 2 2 2 2 2 2 2 2 2 2 2 2 2 2 2 2 2 2
 2 2 2 2 2 2 2 2 2 2 2 2 2 2 2 2 2 2 2 1 128 148 142 -.015625 0 .015625 .03125 .
046875 .0625 .078125 .09375 .109375 .125 .140625 .15625 .171875 .1875 .203125 .2
1875 .234375 .25 .2578125 .265625 .2734375 .28125 .296875 .3125 .3203125 .328125
 .3359375 .34375 .3515625 .359375 .3671875 .375 .3828125 .38671875 .390625 .3945
3125 .3984375 .40234375 .404296875 .40625 .4140625 .421875 .4296875 .4375 .44531
25 .453125 .4609375 .46484375 .46875 .47265625 .4765625 .48046875 .484375 .48828
125 .4921875 .5 .515625 .5234375 .53125 .5390625 .546875 .5546875 .5625 .5664062
5 .5703125 .57421875 .578125 .58203125 .5859375 .58984375 .59375 .6015625 .60546
875 .609375 .61328125 .6171875 .62109375 .625 .628125 .6328125 .634765625 .63671
875 .638671875 .640625 .642578125 .64453125 .646484375 .6484375 .652901785714286
 .65625 .66015625 .6640625 .66796875 .671875 .67578125 .6796875 .6875 .69140625
 .6953125 .69921875 .703125 .70703125 .7109375 .71484375 .71875 .7265625 .734375
 .73828125 .7421875 .75 .7578125 .765625 .7734375 .78125 .7890625 .79296875 .796
875 .8046875 .8125 .81640625 .818359375 .8203125 .82421875 .828125 .83203125 .83
59375 .83984375 .84375 .8515625 .859375 .8671875 .875 .8828125 .890625 .8984375
 .90625 .9140625 .921875 .9296875 .9375 .9453125 .953125 .9609375 .96875 .976562
5 .984375 1 1.015625 133 83 32 0 75 143 92 0 +143 .0216570722980095 .50506899865
419 .00982972408565167 .0222662130955324 .504923274807899 .00907394527195881 .36
838079686595 1.347500200996 137 143 33 0 3 144 83 145 +117 146 0 ?133 144 36 0 5
1 147 143 0 +147 .0178143664172969 .494340557868973 .000951030262943274 .0226841
1607030735 .498709818780145 .003847875353262585 0 .835768810826754 141 145 83 14
5 145 143 134 146 0 0 0 0 0 0 +148 149 136 148 1 2 2 2 5 FFF1 150 151 152 135 14
9 2 0 45 4 150 1 9e-4 0 9e-4 127 2 151 2 2 128 2 152 0 1 17 51 0 89 54 54 43 42
 52 144 0 +137 147 37 0 3 153 144 154 +117 155 0 ?133 153 40 0 54 156 147 0 +156
 .02268411607030735 .498709818780145 .003847875353262585 .0178143664172969 .4943
40557868973 .000951030262943274 .835768810826754 1 141 154 144 154 154 147 134 1
55 0 0 0 0 0 0 +157 158 136 157 1 2 2 2 5 FFF1 159 160 161 135 158 2 0 45 4 159
 0 -106518804339903e-32 1 -106518804339903e-32 127 2 160 2 2 128 2 161 0 1 17 54
 0 89 51 51 23 50 61 153 0 -137 156 41 0 3 0 153 162 +117 163 0 ?141 162 153 162
 162 156 134 163 0 0 0 0 0 0 +164 165 136 164 1 2 2 2 5 FFF1 166 167 168 135 165
 2 0 45 4 166 0 -106518804339903e-32 1 -106518804339903e-32 127 2 167 2 2 128 2
 168 0 1 15 89 193 0 51 88 0 16 61 155 47 1e-5 50 52 169 0 0 0 3 81 1 47 350 44
 61 170 0 41 171 172 16 52 168 58 254565747802858e-20 51 40 61 0 0 0 3 16 169 26
5 97 ?173 61 174 175 0 0 3 81 1 97 360 44 169 176 0 38 94 177 17 173 0 178 173 1
73 0 179 169 0 0 +16 174 66 180 ?181 169 101 182 0 0 3 31 255 175 305 0 169 182
 183 0 +.02139966134851945 .503494790063821 .00926220627111515 -.388993613917661
5 -.908168433485591 -.1546417303046115 .631620888784836 -.385114543603648 .67286
093745707 5e-4 31 182 93 0 174 184 175 0 +.02092147367841755 .502378383696902 .0
0907210605849176 -.3889936139176615 -.908168433485591 -.1546417303046115 .631620
888784836 -.385114543603648 .67286093745707 .00199999999999997 134 183 14 0 3 17
5 185 186 +187 188 137 185 11 0 3 183 62 189 +18 190 0 ?141 186 30 186 186 183 1
36 187 2 3 3 2 5 FFF1 191 192 193 135 188 2 0 45 9 191 .0214430600470232 .503596
111336524 .00927945912460547 .0205436408326063 .503655276814414 .010157615986925
08 .0195802219925928 .502706511018076 .010518956560918 127 2 192 3 3 128 2 193 0
 1 68 30 88 0 194 195 18 0 +183 .0220673703715256 .50505366464621 .0095276493914
2183 -.3889936139176615 -.908168433485591 -.1546417303046115 .0214430600470232 .
503596111336524 .00927945912460547 ?0 ??0 14 194 74 196 ?197 28 198 17 30 +0 0 1
97 28 37 68 195 87 0 197 199 30 0 +184 .0220673703715256 .50505366464621 .009527
64939142183 -.3889936139176615 -.908168433485591 -.1546417303046115 ?????.002544
912062247005 14 197 69 200 ?201 194 202 17 195 +0 0 201 194 37 54 255 199 86 0 2
01 115 195 0 -.01584347254884295 .49052296971044 .00705338170654802 -.3889936139
176615 -.908168433485591 -.1546417303046115 -.00986230744983893 .014772121577776
1 .631620888784836 -.385114543603648 .67286093745707 134 184 17 0 3 203 182 204
 +205 206 31 203 92 0 101 102 184 0 +.01623246616276055 .491431138143925 .007208
0234368526 -.3889936139176615 -.908168433485591 -.1546417303046115 .631620888784
836 -.385114543603648 .67286093745707 .0048759277195631 141 204 195 204 204 184
 136 205 3 11 3 9 6 FFF1 207 208 209 135 206 2 0 45 33 207 .0195802219925928 .50
2706511018076 .010518956560918 .0194342593207217 .502582459404582 .0105849716757
0566 .01916604959414795 .502329572504858 .01069200187897602 .01869555110943995 .
501818725148394 .01084127778274184 .01822687333330125 .501257590407944 .01096006
239275632 .01762115624343035 .500471962405213 .01107899751365172 .01688910811955
985 .499414745501142 .01116107581253446 .0157548606256628 .497592686799305 .0111
829422993541 .0144375496453948 .495221696373766 .01106246902033776 .013444073146
56884 .49322524120154 .01085237596034284 .01296254302584872 .492231100694356 .01
073539267227464 127 9 208 4 1 1 1 1 1 1 1 4 128 9 209 .19739057910986 .240783695
028181 .284176810946502 .327569926864823 .370963042783144 .457749274619786 .5445
35506456428 .718107970129712 .891680433802996 16 101 61 210 ?211 174 95 203 0 0
 3 31 102 91 0 95 104 203 0 +.01545447893492535 .489614801276954 .00689873997624
344 -.3889936139176615 -.908168433485591 -.1546417303046115 .631620888784836 -.3
85114543603648 .67286093745707 .00487592771956311 81 1 210 344 44 101 212 0 213
 214 215 17 211 0 202 211 211 0 216 101 0 0 +15 202 116 0 211 197 217 17 216 0 2
18 216 216 0 211 101 0 0 -15 218 63 0 216 201 0 14 201 64 219 ?220 197 221 17 19
9 +0 0 220 197 37 81 1 219 370 222 201 214 0 200 223 224 14 220 59 223 ?79 201 2
25 17 115 +0 0 79 201 37 15 221 115 0 100 201 218 13 37 16 0 0 0 0 0 0 21 28 14
 28 164 226 ?194 0 227 17 18 +0 0 194 0 37 81 1 226 376 222 28 171 0 119 0 228 1
5 227 256 0 229 28 230 17 229 0 227 229 229 0 39 22 0 0 -15 230 81 0 231 28 49 1
7 231 0 230 231 231 0 232 40 0 0 -15 49 143 0 42 28 0 17 232 0 225 232 232 0 231
 40 0 0 +16 40 54 233 ?232 22 52 234 0 0 3 81 1 233 341 44 40 235 0 236 99 237 3
1 234 90 0 40 53 32 0 +.01545447893492535 .489614801276954 .00689873997624344 -.
3889936139176615 -.908168433485591 -.1546417303046115 .631620888784836 -.3851145
43603648 .67286093745707 .007 133 53 6 0 42 238 234 0 +238 .02268411598644305 .4
98709817960022 .0038478751303865 .0178143664172969 .494340557868973 .00095103026
2943274 0 1 31 32 304 0 22 234 19 0 -.02206108150451915 .505038982270218 .009525
14929568571 -.3889936139176615 -.908168433485591 -.1546417303046115 .63162088878
4836 -.385114543603648 .67286093745707 5e-4 137 238 7 0 3 62 53 239 +18 240 0 ?1
33 62 10 0 50 185 238 0 +185 .0178143664172969 .494340557868973 .000951030262943
274 .02268411598644305 .498709817960022 .003847875130386495 0 1 141 239 53 239 2
39 238 134 240 0 0 0 0 0 0 +241 242 136 241 2 77 2 39 5 FFF1 243 244 245 135 242
 2 0 45 154 243 .541450926273587 2.96565103430232 .552780013370399 2.95815247821
083 .571911774117119 2.94346861501287 .597086705550499 2.92414654350678 .6023745
79477696 2.92028170276546 .613629309479936 2.91205576174568 .632957279045817 2.8
9893213181276 .655569280861188 2.88357865441537 .6635051919144 2.8779758005351 .
699203434849002 2.85277238814755 .724202866142265 2.82764682593411 .736182936541
189 2.81560631186807 .785151289839981 2.76269271271685 .83069577575013 2.7134788
3255442 .847113958213474 2.69035732530769 .865385742065187 2.66462541596381 .877
915268323582 2.63470993185675 .894158811452708 2.59592686485962 .906580520853916
 2.5358585285287 .921775145296389 2.46238105598829 .932105540158311 2.3524688837
9329 .944892673952187 2.21641777730425 .95162458104295 2.00933750027284 .9555252
00249184 1.8893505047706 .957361771199571 1.74709279877688 .959315691023226 1.59
574544584703 .958783685279864 1.43691340421793 .957745321498855 1.12690652675659
 .947967326856975 .909454364542718 .940167205089524 .735987983553013 .9259621616
90489 .627000608124832 .914683988258003 .540469473548087 .898599693737977 .48512
9040520887 .887140704335354 .445702665008696 .868664079593285 .412911076638609 .
855980491473441 .390400742284377 .83763879217809 .366017443265298 .8242028730715
76 .348155846698106 .806996281260854 .328348826481651 .789847800839455 .30860870
0015903 .776615257212513 .295665227198416 .741583061405289 .261398325312334 .715
468760125225 .254225909902525 .69019589018674 .247284597559803 .654490266891624
 .262287213529658 .64248611111028 .267331061602027 .624051165919048 .27689253476
424 .608806984051492 .284799085843971 .593610929215969 .292797744995558 .5602197
8230653 .310373649116727 .532899562470828 .318363533445713 .51689915282146 .3230
42903636863 .502516186906027 .324366756346677 .488490996386767 .325657678301421
 .472050002093921 .32454293764792 .459106391204173 .323665328361955 .44149371455
5125 .32079392259506 .420304152783224 .317339374993796 .410883394095344 .3164313
55526465 .375162124951156 .312988362360489 .349820289662307 .325305775801804 .31
8917073928484 .340326301368362 .292048009467917 .381348975619604 .26588664211050
8 .421291164624549 .242421555864471 .486020993547466 .202993639650734 .594785233
51412 .172005761706749 .77332794316461 .144572194279158 .931391798739216 .129639
568685032 1.1021809214192 .114706601173652 1.27297395471405 .113256110728286 1.4
4750316493857 .11181325569755 1.6211136494388 .123785082627739 1.79420584480197
 .135484931265342 1.96336569800641 .15943361405574 2.1284342915056 .183870077396
482 2.29686495924021 .217691959329953 2.4384766079695 127 39 244 3 2 2 2 2 2 2 2
 2 2 2 2 2 2 2 2 2 2 2 2 2 2 2 2 2 2 2 2 2 2 2 2 2 2 2 2 2 2 3 128 39 245 0 .015
625 .03125 .046875 .0625 .09375 .125 .15625 .171875 .1875 .203125 .21875 .226562
5 .234375 .25 .265625 .28125 .296875 .3125 .328125 .34375 .375 .40625 .421875 .4
375 .46875 .484375 .5 .515625 .53125 .5625 .59375 .625 .6875 .75 .8125 .875 .937
5 1 80 7 CCCCCDI12 legal_owners0 17 1 lCZ1 44 246 247 9000 0 0 0 0 3 6 0 0 0 FFT
FTFTTFFFFFFFFF1 81 1 235 319 248 40 0 233 249 250 251 81 1 236 340 44 3 252 253
 0 233 254 81 1 99 342 44 95 255 0 233 213 256 82 255 3 237 4 0 1 81 1 255 325 2
48 95 0 99 212 96 257 81 1 213 343 44 220 258 223 99 210 259 82 3 256 4 1 1 81 1
 258 333 248 220 0 213 260 261 262 81 1 223 371 222 220 213 0 219 263 264 82 3 2
59 4 0 2 80 1 222 0 265 8001 0 0 0 0 3 5 0 0 0 FFFFTFTFFFFFFFFFF2 81 1 263 372 2
22 79 59 0 223 266 267 83 255 3 264 .796078431372549 .823529411764706 .937254901
960784 14 79 179 263 ?88 220 74 17 106 +0 0 88 220 37 81 1 59 354 44 79 261 263
 55 71 268 81 1 266 373 222 88 71 0 263 119 269 83 3 267 .796078431372549 .82352
9411764706 .937254901960784 14 88 190 266 ?93 79 82 17 117 +0 0 93 79 37 81 1 71
 355 44 88 270 266 59 68 271 81 1 119 374 222 93 272 0 266 226 273 83 3 269 .796
078431372549 .823529411764706 .937254901960784 81 1 272 363 44 93 274 119 63 0 2
75 83 3 273 .796078431372549 .823529411764706 .937254901960784 81 1 274 336 248
 93 0 272 270 276 277 81 1 63 362 44 56 278 0 94 272 279 82 3 275 4 7 2 81 1 278
 316 248 56 0 63 57 70 280 82 3 279 4 3 0 80 1 248 281 282 9000 0 0 0 0 3 5 0 0
 0 FFTFTFTTFFFFFFFFF2 81 1 57 315 248 43 0 55 45 278 283 81 1 70 317 248 65 0 68
 278 249 284 83 1 280 4487 81 1 249 318 248 22 0 38 70 235 285 83 1 284 4488 81
 1 38 359 44 22 249 0 91 97 286 83 1 285 4489 81 1 91 358 44 85 287 0 72 38 288
 82 3 286 4 8 1 81 1 287 328 248 85 0 91 289 290 291 81 1 72 357 44 76 289 0 68
 91 292 82 3 288 4 7 1 81 1 289 327 248 76 0 72 96 287 293 82 3 292 4 6 1 81 1 9
6 326 248 81 0 94 255 289 294 83 1 293 4498 83 1 294 4497 81 1 290 329 248 28 0
 171 287 295 296 83 1 291 4499 81 1 171 351 44 28 290 226 47 58 297 81 1 295 330
 248 194 0 46 290 298 299 83 1 296 45e2 81 1 46 348 44 194 295 196 300 41 301 81
 1 298 331 248 197 0 300 295 260 302 83 1 299 4501 81 1 300 347 44 197 298 200 1
80 46 303 81 1 260 332 248 201 0 214 298 258 304 83 1 302 4502 81 1 214 345 44 2
01 260 219 210 180 305 83 1 304 4503 81 1 180 346 44 174 306 0 214 300 307 82 3
 305 4 1 2 81 1 306 323 248 174 0 180 176 212 308 82 3 307 4 3 1 81 1 176 322 24
8 169 0 97 170 306 309 81 1 212 324 248 101 0 210 306 255 310 83 1 308 4494 83 1
 310 4495 81 1 170 321 248 61 0 47 250 176 311 83 1 309 4493 81 1 250 320 248 52
 0 58 235 170 312 83 1 311 4492 81 1 58 352 44 52 250 0 171 55 313 83 1 312 4491
 82 3 313 4 5 1 81 1 200 369 222 197 300 0 196 219 314 82 3 303 4 2 2 81 1 196 3
68 222 194 46 0 0 200 315 83 3 314 .796078431372549 .823529411764706 .9372549019
60784 83 3 315 .796078431372549 .823529411764706 .937254901960784 82 3 301 4 3 2
 82 3 297 4 4 2 81 1 45 314 248 23 0 41 0 57 316 83 1 283 4486 83 1 316 4485 79
 255 13 282 BTI/importTag81 1 270 335 248 88 0 71 261 274 317 81 1 276 337 248 3
 318 252 274 0 319 83 1 277 4507 81 1 318 312 320 3 0 276 0 0 321 81 1 252 338 3
22 3 276 236 0 0 323 83 1 319 4508 80 1 322 248 324 9000 0 0 0 0 3 5 0 0 0 FFTFT
FTTFFFFFFFFF2 83 1 323 5149 79 18 324 BTI/importMaxCount80 1 320 325 326 9000 0
 0 0 0 3 5 0 0 0 TTTFFFFFFFFFFFFFF1 82 1 321 15834 79 23 326 ONSHAPE_ORIGINALBOD
Y_ID81 1 261 334 248 79 0 59 258 270 327 83 1 317 4506 83 1 327 4505 82 3 271 4
 6 2 82 3 268 4 5 2 79 15 265 SDL/TYSA_COLOUR83 1 262 4504 83 1 257 4496 81 1 25
3 364 328 3 236 25 0 0 329 82 3 254 4 0 3 80 1 328 330 331 8038 0 0 0 0 0 0 0 0
 0 TTTTTTTTTTTTTFTFT10 81 1 25 365 330 3 253 13 0 0 332 98 255 13 329 70 97 108
 97 110 103 101 32 85 99 117 32 51 80 1 330 333 334 8017 0 0 0 0 0 0 0 0 0 TTTTT
TTTTTTTTFTFT3 84 255 13 332 Falange Ucu 379 13 334 SDL/TYSA_NAME79 14 331 SDL/TY
SA_UNAME83 1 251 4490 79 9 247 BTI/DetId15 225 114 0 232 220 335 15 335 58 0 336
 220 0 17 336 0 335 336 336 0 100 95 0 0 -17 100 0 221 100 100 0 336 95 0 0 +17
 39 0 120 39 39 0 229 22 0 0 +15 120 290 0 39 93 178 15 178 291 0 173 93 90 83 3
 228 .0784313725490196 .219607843137255 .690196078431373 50 255 115 85 0 220 106
 199 0 +.01218455579801356 .490414763827385 .01042610921166548 -.388993613917661
5 -.908168433485591 -.1546417303046115 .631620888784836 -.385114543603648 .67286
093745707 83 3 224 .796078431372549 .823529411764706 .937254901960784 15 217 68
 0 337 197 0 17 337 0 217 337 337 0 181 174 0 0 -17 181 0 338 181 181 0 337 174
 0 0 +15 338 117 0 181 194 0 82 3 215 4 2 1 15 198 250 0 179 194 338 17 179 0 19
8 179 179 0 173 169 0 0 -141 189 62 189 189 185 134 190 0 0 0 0 0 0 +339 340 136
 339 2 11 2 6 5 FFF1 341 342 343 135 340 2 0 45 22 341 .217691959329953 2.438476
6079695 .244571296447894 2.55101993874895 .281156885933933 2.65652529059107 .317
181107343107 2.76041177179875 .357138195466944 2.84048417616644 .404731685514685
 2.93585962416108 .445211388636856 2.96854276395221 .469402547860863 2.988074602
81579 .493306861963826 2.98593065524104 .513555545410261 2.98411457653743 .54145
0926273587 2.96565103430232 127 6 342 3 2 2 2 2 3 128 6 343 0 .25 .5 .75 .875 1
 82 3 177 4 9 1 82 3 172 4 4 1 141 121 124 344 345 117 141 344 143 346 121 117 1
41 345 156 121 346 117 141 346 147 345 344 117 141 116 103 347 347 106 141 347 8
6 116 116 106 141 112 106 112 112 104 136 113 3 6 3 4 6 FFF1 348 349 350 135 114
 2 0 45 18 348 .0113285568344451 .490416643811822 .01256829157844674 .0126647067
3789172 .493238110565221 .0129289124407317 .01471321124819142 .497462457356514 .
01342378311688584 .01844658662353415 .50295353712818 .01306206915931068 .0210131
0453497285 .505136735656408 .0119024167317834 .02263582917143195 .50470706155696
6 .0101332242351332 127 4 349 4 1 1 4 128 4 350 0 .477776329759861 .713994353863
767 1 82 3 98 4 10 1 82 3 73 4 2 0 82 3 60 4 1 0 82 3 48 4 0 0 19 29 47 0 3 0 21
 17 0 S0 141 33 18 33 33 19 136 34 3 6 3 4 6 FFF1 351 352 353 135 35 2 0 45 18 3
51 .01076009803453876 .490763246901065 .0119627167347354 .01209624793798536 .493
584713654465 .01232333759702034 .01414475244828506 .497809060445758 .01281820827
317446 .0178781278236278 .503300140217423 .01245649431559932 .0204446457350665 .
505483338745651 .01129684188807204 .0220673703715256 .50505366464621 .0095276493
9142183 127 4 352 4 1 1 4 128 4 353 0 .477776329759861 .713994353863767 1 141 31
 238 354 354 18 141 354 185 31 31 18 74 4 CI16 index_map_offset0 0 1 dCCZ20 27 8
 0 0 318 276 252 272 253 25 13 226 0 0 0 0 0 0 0 0 0 0 0 0 80 1 24 222 355 8040
 0 0 0 0 3 5 0 0 0 TTTFFFFFFFFFFFFFF2 83 3 26 .796078431372549 .823529411764706
 .937254901960784 79 17 355 SDL/TYSA_COLOUR_281 1 4 274 24 2 356 0 0 0 357 70 5
 0 4 T2 0 0 8 20 1 358 358 13 8 34 0 2 0 359 0 0 360 0 68 9 63 0 359 361 0 362 +
10 .0454323886662565 .397314565552293 -.0346906980887786 -.418767496420455 -.685
015203529092 .596144239992085 ?.053952268509764 .4112512900472235 -.046819331131
0912 ?1 ?0 134 10 3 0 2 363 0 364 +365 366 19 11 2 0 2 360 0 367 0 V0 16 12 40 3
68 ?369 0 370 363 0 0 2 81 1 368 260 44 12 371 0 372 373 374 17 369 0 375 369 36
9 0 376 12 0 0 +16 370 111 377 238418618353167e-20 378 12 379 0 0 0 2 31 363 64
 0 12 380 10 0 +.0454323886662565 .397314565552293 -.0346906980887786 -.41876749
6420455 -.685015203529092 .596144239992085 .590890287031275 .292940503601784 .75
1687787609744 .009 133 380 5 0 381 382 363 0 +382 .0505504541488842 .40849773593
34855 -.0486236999352128 .0505504541488842 .4084977359334855 -.0486236999352128
 0 -1 17 381 0 383 381 381 0 378 370 380 0 -137 382 6 0 2 384 380 385 -9 386 0 ?
31 384 241 0 379 387 382 0 +.0539398386116468 .411230957358413 -.046801636318982
8 -.418767496420455 -.685015203529092 .596144239992085 .590890287031275 .2929405
03601784 .751687787609744 5e-4 141 385 380 385 385 382 134 386 0 0 0 0 0 0 +388
 389 136 388 2 299 2 152 5 TTF1 390 391 392 135 389 2 0 45 598 390 .829125915643
015 1.5707963267949 .829074798243437 1.62601899444605 .828192304218699 1.6813627
6168545 .827330410360858 1.73541463253813 .825683321702108 1.78901686939156 .824
079784428655 1.84120178626188 .821743578409527 1.89253839164584 .819477843643045
 1.94232643716035 .816533061606187 1.99106466125243 .810956350798915 2.083363166
75119 .802964063409889 2.17148980483021 .799218418839356 2.21279100527169 .79492
8079760243 2.25332622136755 .790849595612757 2.29185982750296 .786256802545841 2
.32990071795253 .777517235721259 2.40228823885903 .767449801513296 2.46841949561
515 .757734284529566 2.53223906819914 .746843582570292 2.5898212592431 .73614941
5129758 2.64636431724979 .724391643470683 2.69651639047235 .712646591630289 2.74
661420806753 .699902087672746 2.79005969696672 .696580350653396 2.80138336160529
 .693421376883704 2.81155004183135 .690041214860322 2.82242858306322 .6867688015
59773 2.83223495689418 .683308989639994 2.84260290432443 .679916109120169 2.8519
3140913215 .676358236770891 2.86171354826778 .672833867456546 2.87046108788934 .
669160114576872 2.87957939985057 .665490497766035 2.88765137182488 .661682510854
076 2.89602771333856 .657851077136674 2.90333607648621 .653888999437519 2.910893
63973287 .649875779203421 2.91735595655184 .645737224965148 2.92402009335474 .64
151778760134 2.92955896755064 .632898952725938 2.94087295042892 .623425559874038
 2.94695583922789 .618659521604492 2.95001612409716 .613701259001613 2.951730975
27345 .608718811702315 2.95345419090286 .603566988434883 2.9538069240838 .598580
380780633 2.9541483453416 .593115009102259 2.95331937817268 .588044204841938 2.9
5255025751645 .582410374528723 2.95074652311631 .577277225382171 2.9491030874461
 .571449565830636 2.94652363738026 .566305678437897 2.94424683988437 .5602316655
53456 2.94106299565604 .554878679553966 2.93825709552 .548788225673994 2.9348546
8591644 .543472289595395 2.93188495782685 .537153622062667 2.92821261580356 .532
087998429006 2.92526852949934 .525337609892887 2.92126471809591 .522843318297144
 2.91978529612174 .519365995688181 2.91771462972532 .516360167725974 2.915924727
64988 .513354975010065 2.91413375921958 .506368675066937 2.90997021836695 .50122
5585240931 2.90693806351882 .494558981792255 2.90300770751662 .488974049341643 2
.89979214685201 .482464967264577 2.89604450111505 .476628966072733 2.89280728427
662 .47017677928266 2.88922827066185 .464221812980298 2.88609203378069 .45849862
8229564 2.88307786675076 .451797905093535 2.87964412637344 .446452701912775 2.87
690501305474 .439415165033955 2.87335293526705 .436859689738287 2.87206310230546
 .433255015956677 2.87024914051466 .430189504235544 2.86870649852587 .4271237058
42098 2.86716442633925 .420096472541145 2.86362978392917 .414970005549373 2.8610
2659406316 .40840544534957 2.85769314890213 .402995469104648 2.85488923176214 .3
96743764359294 2.85164905818354 .391235514949487 2.84870374450797 .3851996108263
2 2.84547628880729 .379719181904412 2.84242300240349 .373869840735412 2.83916418
559973 .368469180733506 2.83600123250761 .357462996746287 2.8295553455859 .34682
9474191764 2.82261431840227 .341654988963184 2.81923667543883 .336450612942299 2
.81566177844535 .331464308953225 2.81223667559583 .32633681816502 2.808554067647
27 .316874162920276 2.80175790733063 .306713181799136 2.79392377387671 .29766889
5975259 2.78695061436633 .287641855278552 2.7788215801467 .282064893704624 2.774
30027492342 .278218969887634 2.77111711676344 .273088120304559 2.76687046329468
 .268839820096171 2.76320076130876 .26388263478976 2.75891872099353 .25952966866
2202 2.75490858259329 .254693580324084 2.75045337136874 .250323278113432 2.74607
711707961 .245593208550226 2.74134060545728 .241255470121073 2.73654316597282 .2
36633334217645 2.73143118938691 .2323610079097 2.72614362597957 .227855677148225
 2.72056768904141 .223674753369156 2.71471539971929 .21929855510119 2.7085897730
0413 .215231809113927 2.70209544206496 .211092490170148 2.69548521679693 .207092
997743625 2.68813556692593 .203122225650266 2.6808386948503 .199308871622969 2.6
7284657188636 .195516770601834 2.66489899150551 .191899856777209 2.6563022660423
5 .188297019105013 2.64773899695218 .184887008934499 2.63857413642908 .181484430
024209 2.62942924841634 .178291997668248 2.61973138067872 .175101057320937 2.610
03804531671 .172137072214137 2.59984088647412 .169169501563062 2.58963139208895
 .166445010760894 2.57896715452605 .163712845904617 2.56827287908009 .1612390548
74923 2.55717216464079 .158804676150634 2.54624830618587 .156539559632479 2.5346
4870085532 .154356445691741 2.52346902868339 .152318857029215 2.51159773504284 .
150363298413059 2.5002043606142 .14852838958135 2.48809185685868 .14677679281808
1 2.47652930835131 .145119468547769 2.46420386778669 .143548510012845 2.45252072
502546 .142043241638838 2.44000644138195 .14063014208292 2.42825841759786 .13925
06804109 2.41557172610561 .137973837630789 2.40382880438192 .136692580449792 2.3
9097090859046 .135533261275881 2.37933670638012 .134319568352271 2.3662737559138
 .132139480505346 2.34280951796479 .129997431313589 2.3167974675039 .12810966968
4499 2.29387336709435 .126110590488066 2.26723217007878 .125231978350264 2.25552
313968857 .124279414634056 2.24240379868249 .123453790403628 2.23103275269621 .1
22495734255319 2.21753838265673 .12176429005676 2.20723587721798 .12073896530337
5 2.19263099694878 .120467718163454 2.1887673118199 .119864221959775 2.180160023
15847 .119296964809844 2.17206958944082 .118988457272789 2.16767670389367 .11716
9610511579 2.1417778693755 .115541735642076 2.11764099645983 .113800819915164 2.
09182804090372 .112243650930426 2.06751680554897 .108871690327625 2.014872212299
86 .106244936695848 1.96740445466294 .100586185545329 1.86514582450782 .09741888
03469245 1.76646512410213 .0941054725324129 1.66323244414743 .0935399392476593 1
.56454071821634 .0932587471320033 1.51546962733547 .0936123937466682 1.463649888
6202 .0939458940611679 1.41478218158671 .0948507415478175 1.36260898257326 .0956
927969248848 1.31405635528937 .0970522629316829 1.26140583934409 .09829140340921
75 1.21341538931103 .100013827134856 1.16001918650706 .100794777040439 1.1358092
5551415 .101703346184289 1.10936256375694 .102517787303718 1.08565575686638 .103
479069905669 1.05887144110965 .104294812106992 1.03614233246669 .105312866537663
 1.00852240106755 .106021118416999 .989307447788795 .107176725915856 .9582943653
59047 .10772092730369 .943689612001187 .108138542181213 .933145993538418 .108678
980899577 .919501413434517 .109191491556698 .907917270860994 .10978098101943 .89
4593196742735 .110391123114379 .882672662254172 .111063724644257 .86953183850124
4 .111792854287787 .857477698822044 .112578762833268 .844484877221163 .113451929
639708 .832398520133622 .114379963099757 .819552699948277 .115423370054676 .8075
01414166791 .116521664935307 .794816176238826 .117761916977557 .782852372108141
 .11905817341731 .770348334525421 .120521977467961 .758516674927095 .12346663361
4675 .734715559506943 .127646249082338 .711235328775314 .131702469393037 .688448
306971424 .136871322956266 .666250689303599 .141904209779629 .644636980169872 .1
47911303051028 .623931616225588 .153788963678316 .603672383193795 .1604865206978
18 .584674495358197 .166943780553234 .56635822002059 .17427618847856 .5484430475
65258 .181222308638305 .531471686748372 .18899450877269 .514764344605817 .196315
63323371 .499026647541463 .2044256897989 .483405948531285 .212007886216596 .4688
01955683043 .220359413968725 .454149405015585 .228201653519508 .440390388009994
 .236694014137375 .426624815685633 .244705510187789 .413638694008667 .2534226075
47031 .400442957195753 .261551823509696 .388137141404336 .270481382780746 .37536
8659352234 .278903847004403 .363325278485399 .287819131875679 .351168310935566 .
292365912015551 .344968278136307 .296603393568716 .339337021198778 .301168892544
551 .333269856667582 .305493146745397 .327706533256817 .314958074235613 .3155295
31109903 .32372585015177 .305186633143264 .333497084074877 .293660006956499 .342
839783338836 .283893605078303 .352903396941218 .273373594532003 .36319035551094
 .264124954785909 .373780952501459 .25460332450058 .385029626304785 .24670517499
9645 .396416744721209 .238709817928202 .408348809553901 .232468543542724 .420429
654121484 .226149447324941 .432829474341855 .221752443528112 .439088389639632 .2
19533018259095 .445368053278353 .217828056259492 .451707416643076 .2161068854674
97 .45801719254188 .214925055738305 .470692354946023 .212550980336612 .483401623
717361 .210923051892514 .496134399250785 .209292112470576 .508558270650072 .2084
55344824231 .521133070000063 .207608411938563 .533108926987241 .207596298746101
 .545327270326128 .207583940286528 .556760974882794 .208443571096775 .5687317258
47775 .209343579165051 .579175477898134 .211882638771241 .584679666790609 .21322
0803792234 .589835531451876 .215030098747736 .59514683463807 .216893940158104 .6
00129143655218 .219273554816827 .605249670022747 .22171918385401 .61005939079094
5 .224728866675048 .614992382713749 .22781568642237 .61963144203729 .23151845279
9305 .624380758889256 .235309223627267 .628851618633941 .239771388953708 .633421
313507712 .244332197205946 .637726614626512 .249623304466932 .646233980478293 .2
60078644055996 .654403746398729 .273779327558775 .662215617411846 .2868798219129
06 .669817711419182 .303115080779797 .677063275927251 .318588924606479 .68419955
4220691 .337087866915273 .6909665619954 .354629571607838 .697718497769778 .37511
2092106535 .710806729891412 .414816258686488 .722877131292558 .461834369373073 .
73497457236162 .508957808296615 .745984540204123 .563175842951328 .7571749679598
23 .618282543401205 .767161877266677 .680329609542876 .777454863944177 .74427828
5309451 .786393339658873 .815137389312623 .791060372243812 .852134944363162 .795
213219173472 .890121744778501 .799560088845708 .929883304370656 .803356142735312
 .970849068518412 .811414957824607 1.05781714849286 .816997448645006 1.150274110
99841 .8199304331897 1.19885006943747 .822167107215492 1.24874632231821 .8244660
18468143 1.30003097796762 .826013555139242 1.35236982295707 .827598432703969 1.4
0597156483285 .828379434285037 1.4601632156279 .829177091456358 1.51551055413552
 .829125915643015 1.5707963267949 127 152 391 1 2 2 2 2 2 2 2 2 2 2 2 2 2 2 2 2
 2 2 2 2 2 2 2 2 2 2 2 2 2 2 2 2 2 2 2 2 2 2 2 2 2 2 2 2 2 2 2 2 2 2 2 2 2 2 2 2
 2 2 2 2 2 2 2 2 2 2 2 2 2 2 2 2 2 2 2 2 2 2 2 2 2 2 2 2 2 2 2 2 2 2 2 2 2 2 2 2
 2 2 2 2 2 2 2 2 2 2 2 2 2 2 2 2 2 2 2 2 2 2 2 2 2 2 2 2 2 2 2 2 2 2 2 2 2 2 2 2
 2 2 2 2 2 2 2 2 2 2 2 2 2 2 1 128 152 392 -.0078125 0 .0078125 .015625 .0234375
 .03125 .046875 .0546875 .0625 .078125 .09375 .109375 .125 .12890625 .1328125 .1
3671875 .140625 .14453125 .1484375 .15234375 .15625 .1640625 .16796875 .171875 .
17578125 .1796875 .18359375 .1875 .19140625 .1953125 .19921875 .201171875 .20312
5 .20703125 .2109375 .21484375 .21875 .22265625 .2265625 .228515625 .23046875 .2
34375 .23828125 .2421875 .24609375 .25 .2578125 .26171875 .265625 .2734375 .2812
5 .28515625 .2890625 .29296875 .296875 .30078125 .3046875 .30859375 .3125 .31640
625 .3203125 .32421875 .328125 .33203125 .3359375 .33984375 .34375 .34765625 .35
15625 .35546875 .359375 .36328125 .3671875 .37109375 .375 .3828125 .390625 .3945
3125 .3984375 .40234375 .404296875 .40625 .4140625 .421875 .4375 .46875 .5 .5156
25 .53125 .546875 .5625 .5703125 .578125 .5859375 .59375 .59765625 .6015625 .605
46875 .609375 .61328125 .6171875 .62109375 .625 .6328125 .640625 .6484375 .65625
 .6640625 .671875 .6796875 .6875 .6953125 .703125 .7109375 .71875 .72265625 .726
5625 .734375 .7421875 .75 .7578125 .765625 .7734375 .77734375 .78125 .7890625 .7
96875 .8046875 .8125 .8203125 .82421875 .828125 .83203125 .8359375 .83984375 .84
375 .8515625 .859375 .8671875 .875 .890625 .90625 .921875 .9375 .9453125 .953125
 .96875 .9765625 .984375 .9921875 1 1.0078125 16 379 210 393 ?394 370 395 384 0
 0 2 134 387 10 0 2 396 384 397 +398 399 31 396 65 0 395 400 387 0 +.04543238866
62565 .397314565552293 -.0346906980887786 -.418767496420455 -.685015203529092 .5
96144239992085 .590890287031275 .292940503601784 .751687787609744 .0065 141 397
 361 397 397 387 136 398 3 17 3 15 6 FFF1 401 402 403 135 399 2 0 45 51 401 .052
9053497687129 .409538752038401 -.0453289705311109 .0527336019989295 .40970489218
91365 -.0452587087676104 .0523904406233054 .4099408328926665 -.0450809033842699
 .0515503087913027 .4101670982547305 -.0445086665362918 .0504453497825156 .41012
6099033346 -.04362409731835335 .0492421437326114 .4098322417773245 -.04256375621
14611 .048071748634753 .4093730656948735 -.0414647808366242 .046690202897406 .40
86895988325365 -.04011241473344675 .0456445214518959 .408003791378882 -.03902315
426676845 .04486522616414055 .407214449065704 -.0381029472840263 .04400292922928
02 .4061894786112375 -.0370256672512762 .04334256517891815 .4053432210583355 -.0
3617676984000305 .04270998888073475 .4044415921708955 -.0353281371745984 .042096
41143015755 .403505429311938 -.0344809809672738 .0415055009986061 .4025594158156
135 -.03364780406210135 .04113714579383155 .4019559571732195 -.03312307158967585
 .0409502983476909 .401650314203216 -.03285708144066455 127 15 402 4 1 1 1 1 1 1
 1 1 1 1 1 1 1 4 128 15 403 0 .0625 .125 .1875 .25 .3125 .375 .5 .625 .6875 .75
 .8125 .875 .9375 1 68 361 62 0 404 405 9 0 +387 .0454323886662565 .397314565552
293 -.0346906980887786 -.418767496420455 -.685015203529092 .596144239992085 .052
9053497687129 .409538752038401 -.0453289705311109 ?0 ??0 14 404 193 406 ?407 359
 408 8 361 +0 0 407 359 367 50 405 61 0 407 409 361 0 +.0409502983476909 .401650
314203216 -.03285708144066455 -.418767496420455 -.685015203529092 .5961442399920
85 .590890287031275 .292940503601784 .751687787609744 14 407 45 410 ?411 404 375
 8 405 +0 0 411 404 367 68 409 135 0 411 412 405 413 +414 .0460232789532878 .397
607506055895 -.03393901030116885 -.418767496420455 -.685015203529092 .5961442399
92085 ?.0545431587967953 .4115442305508255 -.0460676433434814 ?1 ?0 14 411 118 4
15 ?416 407 417 8 409 +0 0 416 407 367 67 412 137 0 416 418 409 419 +420 .590890
287031275 .292940503601784 .751687787609744 .00171805712187626 141 413 421 413 4
13 409 134 414 15 0 2 422 400 423 +424 425 133 422 16 0 426 421 414 0 +421 .0511
413444359155 .4087906764370875 -.0478720121476031 .0511413444359155 .40879067643
70875 -.0478720121476031 0 1 31 400 192 0 427 414 396 0 -.0528755424118691 .4094
899934962755 -.045286537715184 -.418767496420455 -.685015203529092 .596144239992
085 .590890287031275 .292940503601784 .751687787609744 5e-4 141 423 409 423 423
 414 136 424 3 8 3 6 6 FFF1 428 429 430 135 425 2 0 45 24 428 .03981730774296615
 .403610850341788 -.03140015648070325 .0406169279786889 .404918860211708 -.03253
84707046625 .0417684707245764 .406814343748088 -.03418237040042805 .044212498375
2886 .4098156612346425 -.03727322766100665 .0452384184797527 .410789481077915 -.
03845919544576795 .0492917438547309 .4127309724431895 -.04240207186518995 .05252
70830772608 .413494480759957 -.0452428696909103 .0545431587967953 .4115442305508
255 -.0460676433434814 127 6 429 4 1 1 1 1 4 128 6 430 0 .27424535014283 .341884
536480369 .639224382609279 .695250289291554 1 16 427 211 431 ?432 395 433 400 0
 0 2 81 1 431 270 44 427 434 0 393 435 436 17 432 0 437 432 432 0 438 427 0 0 +1
6 395 42 373 ?439 379 427 396 0 0 2 16 433 114 440 238418618353021e-20 426 427 0
 0 0 0 2 81 1 440 264 44 433 441 0 377 442 443 17 426 0 417 426 426 0 444 433 42
2 0 +15 417 122 0 426 411 0 17 444 0 445 444 444 0 426 433 446 0 -15 445 131 0 4
44 416 447 133 446 21 0 444 448 420 0 +448 .0511413444359155 .4087906764370875 -
.0478720121476031 .0511413444359155 .4087906764370875 -.0478720121476031 0 1 137
 448 22 0 2 449 446 450 +412 451 0 ?134 420 20 0 2 446 421 452 +453 454 137 421
 17 0 2 420 422 455 +409 456 0 ?141 452 412 452 452 420 136 453 3 56 3 30 6 TTF1
 457 458 459 135 454 2 0 45 168 457 .0505504541488842 .4084977359334855 -.048623
6999352128 .0514004767752075 .407663907865033 -.0489742918483208 .05215270045289
51 .406641776160884 -.0489113156667577 .0534815122186744 .404698601862293 -.0482
188536410518 .0540512714629221 .4037884054251715 -.0476061612347519 .05469142328
84551 .402440847742819 -.0465181339123743 .0548750665437146 .401997867201832 -.0
461196387089667 .0549762068503726 .4012497705761065 -.0455966781764765 .05497377
19582206 .4009814565014845 -.0454410502844811 .0548827969961506 .400424887035455
5 -.045194099016798 .0547983432154512 .4001441480771615 -.0451026005811014 .0544
854055814113 .3993097093887715 -.04485510216664655 .0542142862794101 .3987795211
18379 -.04471379369985995 .0536545758072455 .397763469463357 -.0443393251741903
 .0533576904526548 .397277550777997 -.0441186704850245 .0527130719624614 .396331
1150921365 -.04368556680574515 .0523668345026515 .3958685831799045 -.04347611296
298015 .0516421490815419 .394973104696785 -.0430574298554121 .0512625808312235 .
394532279700363 -.04283889715998065 .0503246273038048 .393789535732158 -.0426031
804322646 .0497665073713905 .3935002807653245 -.04259454933376765 .0485843050577
022 .3931960473667715 -.04273965584632815 .0479833009436339 .393182675903447 -.0
428825598749978 .0467938620210994 .393289674887534 -.0431196369858824 .046208519
0560328 .3934098440998665 -.04321770180638265 .0450376905953801 .393723820149055
5 -.0433186379685336 .044457124958422 .39392520821744 -.04332669997191355 .04279
92530578991 .394651963364872 -.0432329764895131 .0417723020931618 .3953215825883
885 -.04301139738324005 .04009899432852815 .3969149752119645 -.0422973156563584
 .03944244599552865 .3978416372118785 -.0418030264510572 .0387829107499276 .3992
73554754974 -.040870912484387 .0386184807033776 .3997523892338795 -.040531329831
4102 .0383974194622296 .400689318691865 -.0398010949513123 .0383437096413426 .40
1164290734314 -.03940321358059015 .0384500835030962 .4021911616183725 -.03876359
675469705 .0386219782012643 .402756707023517 -.03854805138805905 .03908995728217
94 .403862555134311 -.03833223341816035 .03938240244506485 .4044092451338615 -.0
3831555402064915 .0400090035872631 .405447937014164 -.03837691121815535 .0403502
25911657 .4059506282549375 -.0384549242443313 .04106998369505495 .40691665055264
2 -.0386510237455229 .0414464999426339 .4073797040395455 -.03876889699225475 .04
221173340773215 .4082636281866555 -.0391059846782431 .0426015165706085 .40868200
42363185 -.03935380781356625 .04335227945634495 .4093796981591095 -.040004374713
1166 .04374260919538045 .4096847572230155 -.04035846877631905 .04454158081530635
 .4102083478785085 -.0411222527858642 .04492420899226725 .4104119389981595 -.041
5439261252893 .0455927897670205 .4106713725850005 -.0425336010774183 .0458804519
113767 .410729360945434 -.043073360812765 .0467430457001251 .4107553587586865 -.
044675026853606 .0473495397410274 .4105904036370165 -.0457433931045692 .04882758
84343385 .409888357642298 -.0475407032888429 .049700431522561 .4093315640019385
 -.0482731080221049 .0505504541488842 .4084977359334855 -.0486236999352128 127 3
0 458 1 3 2 2 2 2 2 2 2 2 2 2 2 2 2 2 2 2 2 2 2 2 2 2 2 2 2 2 3 1 128 30 459 -.0
625 0 .0625 .125 .15625 .171875 .1875 .21875 .25 .28125 .3125 .34375 .375 .40625
 .4375 .5 .5625 .59375 .625 .65625 .6875 .71875 .75 .78125 .8125 .84375 .875 .93
75 1 1.0625 141 455 422 455 455 421 134 456 0 0 0 0 0 0 +460 461 136 460 2 299 2
 152 5 TTF1 462 463 464 135 461 2 0 45 598 462 .829125915643015 1.5707963267949
 .829074798243437 1.62601899444605 .828192304218699 1.68136276168545 .8273304103
60858 1.73541463253813 .825683321702108 1.78901686939156 .824079784428655 1.8412
0178626188 .821743578409527 1.89253839164584 .819477843643045 1.94232643716035 .
816533061606187 1.99106466125243 .810956350798915 2.08336316675119 .802964063409
889 2.17148980483021 .799218418839356 2.21279100527169 .794928079760243 2.253326
22136755 .790849595612757 2.29185982750296 .786256802545841 2.32990071795253 .77
7517235721259 2.40228823885903 .767449801513296 2.46841949561515 .75773428452956
6 2.53223906819914 .746843582570292 2.5898212592431 .736149415129758 2.646364317
24979 .724391643470683 2.69651639047235 .712646591630289 2.74661420806753 .69990
2087672746 2.79005969696672 .696580350653396 2.80138336160529 .693421376883704 2
.81155004183135 .690041214860322 2.82242858306322 .686768801559773 2.83223495689
418 .683308989639994 2.84260290432443 .679916109120169 2.85193140913215 .6763582
36770891 2.86171354826778 .672833867456546 2.87046108788934 .669160114576872 2.8
7957939985057 .665490497766035 2.88765137182488 .661682510854076 2.8960277133385
6 .657851077136674 2.90333607648621 .653888999437519 2.91089363973287 .649875779
203421 2.91735595655184 .645737224965148 2.92402009335474 .64151778760134 2.9295
5896755064 .632898952725938 2.94087295042892 .623425559874038 2.94695583922789 .
618659521604492 2.95001612409716 .613701259001613 2.95173097527345 .608718811702
315 2.95345419090286 .603566988434883 2.9538069240838 .598580380780633 2.9541483
453416 .593115009102259 2.95331937817268 .588044204841938 2.95255025751645 .5824
10374528723 2.95074652311631 .577277225382171 2.9491030874461 .571449565830636 2
.94652363738026 .566305678437897 2.94424683988437 .560231665553456 2.94106299565
604 .554878679553966 2.93825709552 .548788225673994 2.93485468591644 .5434722895
95395 2.93188495782685 .537153622062667 2.92821261580356 .532087998429006 2.9252
6852949934 .525337609892887 2.92126471809591 .522843318297144 2.91978529612174 .
519365995688181 2.91771462972532 .516360167725974 2.91592472764988 .513354975010
065 2.91413375921958 .506368675066937 2.90997021836695 .501225585240931 2.906938
06351882 .494558981792255 2.90300770751662 .488974049341643 2.89979214685201 .48
2464967264577 2.89604450111505 .476628966072733 2.89280728427662 .47017677928266
 2.88922827066185 .464221812980298 2.88609203378069 .458498628229564 2.883077866
75076 .451797905093535 2.87964412637344 .446452701912775 2.87690501305474 .43941
5165033955 2.87335293526705 .436859689738287 2.87206310230546 .433255015956677 2
.87024914051466 .430189504235544 2.86870649852587 .427123705842098 2.86716442633
925 .420096472541145 2.86362978392917 .414970005549373 2.86102659406316 .4084054
4534957 2.85769314890213 .402995469104648 2.85488923176214 .396743764359294 2.85
164905818354 .391235514949487 2.84870374450797 .38519961082632 2.84547628880729
 .379719181904412 2.84242300240349 .373869840735412 2.83916418559973 .3684691807
33506 2.83600123250761 .357462996746287 2.8295553455859 .346829474191764 2.82261
431840227 .341654988963184 2.81923667543883 .336450612942299 2.81566177844535 .3
31464308953225 2.81223667559583 .32633681816502 2.80855406764727 .31687416292027
6 2.80175790733063 .306713181799136 2.79392377387671 .297668895975259 2.78695061
436633 .287641855278552 2.7788215801467 .282064893704624 2.77430027492342 .27821
8969887634 2.77111711676344 .273088120304559 2.76687046329468 .268839820096171 2
.76320076130876 .26388263478976 2.75891872099353 .259529668662202 2.754908582593
29 .254693580324084 2.75045337136874 .250323278113432 2.74607711707961 .24559320
8550226 2.74134060545728 .241255470121073 2.73654316597282 .236633334217645 2.73
143118938691 .2323610079097 2.72614362597957 .227855677148225 2.72056768904141 .
223674753369156 2.71471539971929 .21929855510119 2.70858977300413 .2152318091139
27 2.70209544206496 .211092490170148 2.69548521679693 .207092997743625 2.6881355
6692593 .203122225650266 2.6808386948503 .199308871622969 2.67284657188636 .1955
16770601834 2.66489899150551 .191899856777209 2.65630226604235 .188297019105013
 2.64773899695218 .184887008934499 2.63857413642908 .181484430024209 2.629429248
41634 .178291997668248 2.61973138067872 .175101057320937 2.61003804531671 .17213
7072214137 2.59984088647412 .169169501563062 2.58963139208895 .166445010760894 2
.57896715452605 .163712845904617 2.56827287908009 .161239054874923 2.55717216464
079 .158804676150634 2.54624830618587 .156539559632479 2.53464870085532 .1543564
45691741 2.52346902868339 .152318857029215 2.51159773504284 .150363298413059 2.5
002043606142 .14852838958135 2.48809185685868 .146776792818081 2.47652930835131
 .145119468547769 2.46420386778669 .143548510012845 2.45252072502546 .1420432416
38838 2.44000644138195 .14063014208292 2.42825841759786 .1392506804109 2.4155717
2610561 .137973837630789 2.40382880438192 .136692580449792 2.39097090859046 .135
533261275881 2.37933670638012 .134319568352271 2.3662737559138 .132139480505346
 2.34280951796479 .129997431313589 2.3167974675039 .128109669684499 2.2938733670
9435 .126110590488066 2.26723217007878 .125231978350264 2.25552313968857 .124279
414634056 2.24240379868249 .123453790403628 2.23103275269621 .122495734255319 2.
21753838265673 .12176429005676 2.20723587721798 .120738965303375 2.1926309969487
8 .120467718163454 2.1887673118199 .119864221959775 2.18016002315847 .1192969648
09844 2.17206958944082 .118988457272789 2.16767670389367 .117169610511579 2.1417
778693755 .115541735642076 2.11764099645983 .113800819915164 2.09182804090372 .1
12243650930426 2.06751680554897 .108871690327625 2.01487221229986 .1062449366958
48 1.96740445466294 .100586185545329 1.86514582450782 .0974188803469245 1.766465
12410213 .0941054725324129 1.66323244414743 .0935399392476593 1.56454071821634 .
0932587471320033 1.51546962733547 .0936123937466682 1.4636498886202 .09394589406
11679 1.41478218158671 .0948507415478175 1.36260898257326 .0956927969248848 1.31
405635528937 .0970522629316829 1.26140583934409 .0982914034092175 1.213415389311
03 .100013827134856 1.16001918650706 .100794777040439 1.13580925551415 .10170334
6184289 1.10936256375694 .102517787303718 1.08565575686638 .103479069905669 1.05
887144110965 .104294812106992 1.03614233246669 .105312866537663 1.00852240106755
 .106021118416999 .989307447788795 .107176725915856 .958294365359047 .1077209273
0369 .943689612001187 .108138542181213 .933145993538418 .108678980899577 .919501
413434517 .109191491556698 .907917270860994 .10978098101943 .894593196742735 .11
0391123114379 .882672662254172 .111063724644257 .869531838501244 .11179285428778
7 .857477698822044 .112578762833268 .844484877221163 .113451929639708 .832398520
133622 .114379963099757 .819552699948277 .115423370054676 .807501414166791 .1165
21664935307 .794816176238826 .117761916977557 .782852372108141 .11905817341731 .
770348334525421 .120521977467961 .758516674927095 .123466633614675 .734715559506
943 .127646249082338 .711235328775314 .131702469393037 .688448306971424 .1368713
22956266 .666250689303599 .141904209779629 .644636980169872 .147911303051028 .62
3931616225588 .153788963678316 .603672383193795 .160486520697818 .58467449535819
7 .166943780553234 .56635822002059 .17427618847856 .548443047565258 .18122230863
8305 .531471686748372 .18899450877269 .514764344605817 .19631563323371 .49902664
7541463 .2044256897989 .483405948531285 .212007886216596 .468801955683043 .22035
9413968725 .454149405015585 .228201653519508 .440390388009994 .236694014137375 .
426624815685633 .244705510187789 .413638694008667 .253422607547031 .400442957195
753 .261551823509696 .388137141404336 .270481382780746 .375368659352234 .2789038
47004403 .363325278485399 .287819131875679 .351168310935566 .292365912015551 .34
4968278136307 .296603393568716 .339337021198778 .301168892544551 .33326985666758
2 .305493146745397 .327706533256817 .314958074235613 .315529531109903 .323725850
15177 .305186633143264 .333497084074877 .293660006956499 .342839783338836 .28389
3605078303 .352903396941218 .273373594532003 .36319035551094 .264124954785909 .3
73780952501459 .25460332450058 .385029626304785 .246705174999645 .39641674472120
9 .238709817928202 .408348809553901 .232468543542724 .420429654121484 .226149447
324941 .432829474341855 .221752443528112 .439088389639632 .219533018259095 .4453
68053278353 .217828056259492 .451707416643076 .216106885467497 .45801719254188 .
214925055738305 .470692354946023 .212550980336612 .483401623717361 .210923051892
514 .496134399250785 .209292112470576 .508558270650072 .208455344824231 .5211330
70000063 .207608411938563 .533108926987241 .207596298746101 .545327270326128 .20
7583940286528 .556760974882794 .208443571096775 .568731725847775 .20934357916505
1 .579175477898134 .211882638771241 .584679666790609 .213220803792234 .589835531
451876 .215030098747736 .59514683463807 .216893940158104 .600129143655218 .21927
3554816827 .605249670022747 .22171918385401 .610059390790945 .224728866675048 .6
14992382713749 .22781568642237 .61963144203729 .231518452799305 .624380758889256
 .235309223627267 .628851618633941 .239771388953708 .633421313507712 .2443321972
05946 .637726614626512 .249623304466932 .646233980478293 .260078644055996 .65440
3746398729 .273779327558775 .662215617411846 .286879821912906 .669817711419182 .
303115080779797 .677063275927251 .318588924606479 .684199554220691 .337087866915
273 .6909665619954 .354629571607838 .697718497769778 .375112092106535 .710806729
891412 .414816258686488 .722877131292558 .461834369373073 .73497457236162 .50895
7808296615 .745984540204123 .563175842951328 .757174967959823 .618282543401205 .
767161877266677 .680329609542876 .777454863944177 .744278285309451 .786393339658
873 .815137389312623 .791060372243812 .852134944363162 .795213219173472 .8901217
44778501 .799560088845708 .929883304370656 .803356142735312 .970849068518412 .81
1414957824607 1.05781714849286 .816997448645006 1.15027411099841 .8199304331897
 1.19885006943747 .822167107215492 1.24874632231821 .824466018468143 1.300030977
96762 .826013555139242 1.35236982295707 .827598432703969 1.40597156483285 .82837
9434285037 1.4601632156279 .829177091456358 1.51551055413552 .829125915643015 1.
5707963267949 127 152 463 1 2 2 2 2 2 2 2 2 2 2 2 2 2 2 2 2 2 2 2 2 2 2 2 2 2 2
 2 2 2 2 2 2 2 2 2 2 2 2 2 2 2 2 2 2 2 2 2 2 2 2 2 2 2 2 2 2 2 2 2 2 2 2 2 2 2 2
 2 2 2 2 2 2 2 2 2 2 2 2 2 2 2 2 2 2 2 2 2 2 2 2 2 2 2 2 2 2 2 2 2 2 2 2 2 2 2 2
 2 2 2 2 2 2 2 2 2 2 2 2 2 2 2 2 2 2 2 2 2 2 2 2 2 2 2 2 2 2 2 2 2 2 2 2 2 2 2 2
 2 2 2 2 1 128 152 464 -.0078125 0 .0078125 .015625 .0234375 .03125 .046875 .054
6875 .0625 .078125 .09375 .109375 .125 .12890625 .1328125 .13671875 .140625 .144
53125 .1484375 .15234375 .15625 .1640625 .16796875 .171875 .17578125 .1796875 .1
8359375 .1875 .19140625 .1953125 .19921875 .201171875 .203125 .20703125 .2109375
 .21484375 .21875 .22265625 .2265625 .228515625 .23046875 .234375 .23828125 .242
1875 .24609375 .25 .2578125 .26171875 .265625 .2734375 .28125 .28515625 .2890625
 .29296875 .296875 .30078125 .3046875 .30859375 .3125 .31640625 .3203125 .324218
75 .328125 .33203125 .3359375 .33984375 .34375 .34765625 .3515625 .35546875 .359
375 .36328125 .3671875 .37109375 .375 .3828125 .390625 .39453125 .3984375 .40234
375 .404296875 .40625 .4140625 .421875 .4375 .46875 .5 .515625 .53125 .546875 .5
625 .5703125 .578125 .5859375 .59375 .59765625 .6015625 .60546875 .609375 .61328
125 .6171875 .62109375 .625 .6328125 .640625 .6484375 .65625 .6640625 .671875 .6
796875 .6875 .6953125 .703125 .7109375 .71875 .72265625 .7265625 .734375 .742187
5 .75 .7578125 .765625 .7734375 .77734375 .78125 .7890625 .796875 .8046875 .8125
 .8203125 .82421875 .828125 .83203125 .8359375 .83984375 .84375 .8515625 .859375
 .8671875 .875 .890625 .90625 .921875 .9375 .9453125 .953125 .96875 .9765625 .98
4375 .9921875 1 1.0078125 133 449 25 0 378 465 448 0 +465 .0505504541488842 .408
4977359334855 -.0486236999352128 .0505504541488842 .4084977359334855 -.048623699
9352128 0 1 141 450 446 450 450 448 134 451 0 0 0 0 0 0 +466 467 136 466 1 2 2 2
 5 FFF1 468 469 470 135 467 2 0 45 4 468 1 .001 0 .001 127 2 469 2 2 128 2 470 0
 1 17 378 0 447 378 378 0 381 370 449 0 +137 465 26 0 2 0 449 471 +412 472 0 ?14
1 471 449 471 471 465 134 472 0 0 0 0 0 0 +473 474 136 473 1 2 2 2 5 FFF1 475 47
6 477 135 474 2 0 45 4 475 0 -245923467302649e-33 1 -245923467302649e-33 127 2 4
76 2 2 128 2 477 0 1 15 447 132 0 378 416 0 14 416 129 478 ?479 411 445 8 412 +0
 0 479 411 367 81 1 478 279 222 416 480 0 415 481 482 14 479 225 481 ?0 416 483
 8 418 +0 0 0 416 367 13 367 13 0 0 0 0 0 0 11 359 14 359 201 484 ?404 0 485 8 9
 +0 0 404 0 367 81 1 484 275 222 359 486 0 0 406 487 15 485 57 0 376 359 383 17
 376 0 485 376 376 0 369 12 0 0 -15 383 102 0 381 359 488 15 488 199 0 394 359 0
 17 394 0 488 394 394 0 489 379 0 0 +17 489 0 483 489 489 0 394 379 0 0 -15 483
 228 0 489 479 490 15 490 229 0 438 479 0 17 438 0 490 438 438 0 432 427 0 0 -81
 1 486 268 44 359 491 484 492 393 493 81 1 406 276 222 404 492 0 484 410 494 83
 3 487 .796078431372549 .823529411764706 .937254901960784 81 1 492 267 44 404 49
5 406 480 486 496 81 1 410 277 222 407 497 0 406 415 498 83 3 494 .7960784313725
49 .823529411764706 .937254901960784 81 1 497 262 44 407 499 410 373 377 500 81
 1 415 278 222 411 442 0 410 478 501 83 3 498 .796078431372549 .823529411764706
 .937254901960784 81 1 442 265 44 411 502 415 440 480 503 83 3 501 .796078431372
549 .823529411764706 .937254901960784 81 1 502 253 248 411 0 442 499 504 505 81
 1 480 266 44 416 504 478 442 492 506 82 3 503 4 647 2 81 1 504 254 248 416 0 48
0 502 507 508 82 3 506 4 648 2 81 1 507 255 248 479 0 435 504 509 510 83 1 508 2
540 81 1 435 271 44 479 507 481 431 0 511 81 1 509 256 248 2 512 513 507 0 514 8
3 1 510 2541 81 1 512 242 320 2 0 509 0 0 515 81 1 513 257 322 2 509 372 0 0 516
 83 1 514 2542 81 1 372 259 44 2 513 517 0 368 518 83 1 516 5149 81 1 517 272 32
8 2 372 356 0 0 519 82 3 518 4 27 3 81 1 356 273 330 2 517 4 0 0 520 98 6 519 84
 104 117 109 98 54 84 6 520 Thumb682 1 515 8873 81 1 481 280 222 479 435 0 478 0
 521 82 3 511 4 651 2 83 3 521 .796078431372549 .823529411764706 .93725490196078
4 81 1 499 252 248 407 0 497 495 502 522 83 1 505 2539 81 1 495 251 248 404 0 49
2 491 499 523 83 1 522 2538 81 1 491 250 248 359 0 486 441 495 524 83 1 523 2537
 81 1 441 249 248 433 0 440 434 491 525 83 1 524 2536 81 1 434 248 248 427 0 431
 526 441 527 83 1 525 2535 81 1 526 247 248 395 0 373 528 434 529 83 1 527 2534
 81 1 373 261 44 395 526 0 368 497 530 81 1 528 246 248 379 0 393 531 526 532 83
 1 529 2533 81 1 393 269 44 379 528 0 486 431 533 81 1 531 245 248 370 0 377 371
 528 534 83 1 532 2532 81 1 377 263 44 370 531 0 497 440 535 81 1 371 244 248 12
 0 368 0 531 536 83 1 534 2531 83 1 536 2530 82 3 535 4 1621 1 82 3 533 4 1623 1
 82 3 530 4 1620 1 82 3 500 4 646 2 82 3 496 4 649 2 82 3 493 4 650 2 51 418 238
 0 479 0 412 0 -.0546452735875066 .412384900029933 -.0478058713686045 -.41876749
6420455 -.685015203529092 .596144239992085 5e-4 .590890287031275 .29294050360178
4 .751687787609744 83 3 482 .796078431372549 .823529411764706 .937254901960784 8
2 3 443 4 1622 1 17 439 0 408 439 439 0 537 395 0 0 +15 408 79 0 439 404 437 17
 537 0 538 537 537 0 439 395 0 0 -15 538 44 0 537 407 0 15 437 190 0 432 404 0 8
2 3 436 4 1624 1 141 419 448 539 539 412 141 539 465 419 419 412 15 375 78 0 369
 407 538 82 3 374 4 1619 1 19 360 33 0 2 0 11 8 0 S0 141 364 9 364 364 10 136 36
5 3 8 3 6 6 FFF1 540 541 542 135 366 2 0 45 24 540 .0392264174559349 .4033179098
38186 -.032151844268313 .0400260376916576 .404625919708106 -.0332901584922722 .0
4117758043754515 .406521403244486 -.03493405818803775 .0436216080882573 .4095227
207310405 -.0380249154486164 .04464752819272145 .4104965405743135 -.039210883233
3777 .0487008535676996 .4124380319395875 -.0431537596527997 .0519361927902295 .4
132015402563555 -.04599455747852 .053952268509764 .4112512900472235 -.0468193311
310912 127 6 541 4 1 1 1 1 4 128 6 542 0 .27424535014283 .341884536480369 .63922
4382609279 .695250289291554 1 141 362 382 362 362 9 74 20 358 8 0 0 512 509 513
 435 517 356 4 481 0 0 0 0 0 0 0 0 0 0 0 0 83 3 357 .796078431372549 .8235294117
64706 .937254901960784 1 0 
